Aafje 0 236 273 389 525 726 0 0 0 0 0
Aafke 0 297 325 350 414 516 673 655 801 0 877
Aagje 270 201 208 273 373 563 960 0 0 0 0
Aalbert 149 519 609 721 769 0 0 0 0 0 0
Aaldert 148 557 563 628 682 810 0 0 0 0 0
Aalt 0 466 573 582 648 747 925 0 0 0 0
Aaltje 44 37 40 43 51 72 138 234 345 535 736
Aaron 0 0 0 0 0 0 0 0 951 484 333
Aart 73 115 128 130 142 184 264 410 545 721 893
Aartje 269 194 178 207 264 376 624 800 887 0 0
Abdelaziz 0 0 0 0 0 977 0 0 0 0 0
Abdelkader 0 0 939 801 903 913 924 0 0 0 0
Abdellah 0 0 0 898 0 0 0 0 0 0 0
Abdeslam 0 0 972 790 879 0 0 0 0 0 0
Abdul 0 0 0 946 929 912 0 0 0 0 0
Abdullah 0 0 0 0 0 0 0 0 986 0 802
Abe 0 644 938 968 0 0 0 0 0 0 869
Abel 0 730 551 771 815 0 0 0 0 688 266
Abigail 0 0 0 0 0 0 0 0 0 967 665
Abraham 147 78 93 111 125 179 251 324 391 534 680
Abram 0 518 625 701 835 0 0 0 0 0 0
Achraf 0 0 0 0 0 0 0 0 0 687 892
Ada 389 526 550 473 580 784 0 0 0 0 0
Adam 146 435 492 574 694 940 0 0 0 720 130
Adem 0 0 0 0 0 0 0 0 0 0 0
Adil 0 0 0 0 0 0 0 0 0 0 0
Adnan 0 0 0 0 0 0 0 0 0 0 0
Adolf 145 225 292 346 509 617 0 0 0 0 0
Adriaan 30 55 63 68 72 89 130 211 274 390 541
Adriaantje 171 160 212 265 343 510 813 0 0 0 0
Adriana 18 16 20 21 23 28 34 90 148 252 372
Adrianus 29 22 23 23 21 26 36 104 192 400 659
Afke 0 685 705 800 858 0 0 0 0 0 0
Afra 268 396 396 446 474 623 0 0 0 0 0
Agatha 191 135 132 142 171 247 530 0 0 0 0
Age 0 465 725 739 857 0 0 0 0 0 0
Agnes 170 130 111 106 94 115 203 374 735 0 0
Ahmad 0 0 0 0 0 0 0 0 0 0 0
Ahmed 0 0 624 272 329 315 313 466 570 679 601
Ahmet 0 0 937 684 796 529 511 632 661 729 617
Aicha 0 0 0 0 992 939 923 0 0 0 0
Aiden 0 0 0 0 0 0 0 0 0 0 332
Aimée 0 0 0 0 0 0 0 0 0 705 385
Akke 190 278 326 356 424 608 827 0 0 0 0
Alain 0 0 0 0 0 0 905 927 886 0 0
Alan 0 0 0 0 0 0 0 0 0 0 0
Alberdina 189 166 184 196 219 290 505 962 0 0 0
Albert 72 46 47 47 47 47 78 133 217 357 549
Alberta 217 191 171 197 235 327 555 980 0 0 0
Albertha 388 346 317 333 307 405 696 0 0 0 0
Albertina 387 498 509 494 497 595 826 0 0 0 0
Albertine 0 497 572 573 547 659 935 864 0 0 0
Albertje 386 248 240 304 372 509 776 0 0 0 0
Albertus 144 61 53 53 52 65 119 258 430 736 948
Aldegonda 385 473 402 416 473 607 0 0 0 0 0
Aldert 0 596 571 627 736 0 0 0 0 0 0
Aleida 169 93 104 109 121 157 323 582 950 0 0
Aletta 0 367 497 472 490 562 711 0 0 0 0
Alex 0 595 623 605 423 356 316 323 286 315 391
Alexander 0 235 236 208 137 104 57 42 77 166 197
Alexandra 384 789 0 997 681 178 84 226 326 630 774
Alfons 0 677 739 770 834 725 882 0 0 0 0
Alfonsus 0 0 828 897 735 686 0 0 0 0 0
Alfred 143 296 337 263 195 196 354 810 0 0 0
Ali 0 0 751 471 569 911 0 0 0 0 0
Alice 383 414 508 527 403 304 296 469 766 966 927
Alicia 0 0 0 0 0 0 0 0 800 413 305
Alida 47 39 42 46 49 71 159 353 470 815 911
Alie 0 922 796 626 590 702 846 884 0 0 0
Alina 382 921 0 0 0 0 0 0 0 0 707
Aline 0 0 971 0 0 0 0 0 0 0 0
Alisha 0 0 0 0 0 0 0 0 0 833 591
Allard 0 0 0 0 0 0 825 926 949 0 0
Alle 0 822 656 753 902 0 0 0 0 0 0
Allegonda 267 288 256 254 275 370 695 0 0 0 0
Alma 266 846 761 896 833 0 0 0 0 0 0
Aloysius 142 517 312 311 246 373 959 0 0 0 0
Alphons 0 464 419 516 524 685 0 0 0 0 0
Alphonsus 0 245 252 291 252 404 0 0 0 0 0
Alwin 0 0 0 0 0 0 737 654 865 0 0
Alyssa 0 0 0 0 0 0 0 0 0 514 349
Amal 0 0 0 0 0 0 0 0 864 678 837
Amanda 0 943 0 0 0 0 617 421 156 589 974
Amar 0 0 0 845 0 0 0 0 0 0 0
Amber 0 0 0 0 0 0 0 581 184 17 49
Amin 0 0 0 0 0 0 0 0 0 0 465
Amina 0 0 0 0 0 938 0 0 0 862 540
Amine 0 0 0 0 0 0 0 0 0 832 739
Amir 0 0 0 0 0 0 0 0 0 0 392
Amira 0 0 0 0 0 0 0 0 0 933 299
Amy 0 980 0 0 0 0 0 905 305 148 61
Ana 0 942 0 996 928 809 881 0 0 0 0
Anass 0 0 0 0 0 0 0 0 0 629 801
Andrea 0 496 622 539 448 311 234 263 360 751 0
Andreas 141 161 122 118 105 85 154 364 550 0 0
Andrew 0 0 0 0 0 0 958 904 847 0 0
Andries 0 102 109 117 127 164 240 397 575 800 868
André 0 355 360 293 183 112 94 225 563 0 0
Andy 0 0 0 0 0 0 694 551 504 704 926
Angel 0 0 0 0 0 0 0 0 0 786 600
Angela 381 684 760 720 434 242 153 113 141 397 876
Angelica 0 0 0 0 0 849 651 0 0 0 0
Angelina 380 616 655 654 568 469 484 883 0 965 407
Angeline 0 979 970 0 952 868 845 0 0 0 0
Angelique 0 0 0 0 0 606 82 117 248 653 0
Angelo 0 0 0 0 0 0 672 631 445 605 792
Angélique 0 0 0 0 0 0 224 510 0 0 0
Aniek 0 0 0 0 0 0 0 0 437 324 435
Anissa 0 0 0 0 0 0 0 0 0 831 735
Anita 0 920 738 466 260 63 63 168 316 0 0
Anja 0 978 0 825 335 147 152 322 574 0 0
Anje 379 282 345 377 469 605 922 0 0 0 0
Anke 0 683 750 515 444 523 510 255 297 552 0
Anna 9 6 6 6 6 6 12 30 31 21 22
Annabel 0 0 0 0 0 0 0 0 905 490 464
Anne 378 489 453 315 213 201 273 378 436 728 849
Anne-Marie 0 0 0 923 969 0 477 674 0 0 0
Annechien 377 303 372 376 428 594 864 0 0 0 0
Anneke 0 488 362 205 157 187 278 268 422 761 994
Annelies 0 0 0 945 447 318 330 291 453 0 0
Anneloes 0 0 0 0 0 0 0 827 638 0 0
Annemarie 376 780 692 362 256 236 162 170 351 750 0
Annemiek 0 0 0 0 0 0 519 341 397 799 0
Annemieke 0 0 0 0 567 244 176 198 396 0 0
Annemijn 0 0 0 0 0 0 0 0 0 677 514
Annet 375 0 0 0 0 0 574 622 832 0 0
Annetje 374 314 442 526 555 808 0 0 0 0 0
Annette 373 788 737 562 349 167 183 454 863 0 0
Annick 0 0 0 0 0 0 0 0 924 798 0
Annie 265 142 101 110 159 326 671 809 904 0 0
Anniek 0 0 0 0 0 0 0 0 637 525 658
Annigje 168 162 157 177 228 314 593 799 0 0 0
Annika 0 0 0 0 0 0 0 798 562 507 679
Anouar 0 0 0 0 0 0 0 0 0 749 632
Anouk 0 0 0 0 0 0 369 148 54 14 46
Anthonia 264 215 211 227 255 386 608 979 0 0 0
Anthonie 0 183 201 217 241 339 483 779 0 0 0
Anthonius 71 244 189 181 176 256 453 778 0 0 0
Anthony 0 764 677 593 500 522 565 605 441 423 568
Antje 54 48 58 62 74 109 189 326 469 830 973
Antoine 0 676 724 752 754 760 573 849 0 0 0
Antoinetta 0 295 329 321 342 411 775 0 0 0 0
Antoinette 263 212 219 219 173 175 219 486 903 0 0
Anton 0 196 161 154 165 195 290 427 569 703 910
Antonetta 188 150 149 145 162 243 499 0 0 0 0
Antonia 79 42 37 36 41 51 102 272 421 719 972
Antonie 0 124 135 147 156 214 375 621 846 932 0
Antonio 0 0 749 799 951 884 934 0 0 0 0
Antonius 139 26 22 19 18 19 43 123 228 432 817
Antony 0 821 827 944 968 0 0 0 0 0 0
Antoon 138 120 127 151 194 287 518 961 0 0 0
Apolonia 262 299 333 353 464 684 0 0 0 0 0
Arda 0 0 0 0 0 0 0 0 0 0 419
Ardina 0 643 529 572 589 783 0 0 0 0 0
Arend 137 97 97 113 120 150 212 299 408 604 700
Arendina 0 345 328 407 443 561 880 0 0 0 0
Arendje 372 294 324 392 481 724 0 0 0 0 0
Aria 216 694 608 719 768 976 0 0 0 0 0
Arianne 0 0 0 0 0 0 774 863 0 0 0
Arie 21 34 34 38 45 59 97 174 241 340 463
Arina 0 594 591 592 630 759 957 0 0 0 0
Aris 0 642 691 861 0 0 0 0 0 0 0
Arjan 0 0 0 0 0 658 132 102 213 533 971
Arjen 0 675 654 751 659 437 245 229 362 664 970
Armand 0 820 779 895 927 883 682 742 0 0 0
Armando 0 0 0 0 0 0 0 0 0 0 0
Arne 0 0 0 0 0 0 0 663 923 0 947
Arno 0 0 0 0 0 667 268 247 561 0 0
Arnold 0 310 275 258 261 231 211 266 610 0 0
Arnolda 261 317 255 301 358 483 796 0 0 0 0
Arnoldina 371 567 434 493 629 782 0 0 0 0 0
Arnoldus 70 95 89 99 99 117 178 451 831 0 0
Arnoud 0 674 888 943 950 683 392 420 765 0 0
Arnout 0 0 0 0 0 0 0 862 0 0 0
Aron 0 0 0 0 0 0 0 0 619 374 376
Arthur 136 487 452 454 323 225 217 329 468 524 517
Ashley 0 0 0 0 0 0 0 0 278 203 331
Astrid 0 0 887 342 167 61 44 141 268 652 0
Ate 0 641 723 738 856 0 0 0 0 0 0
Audrey 0 0 0 0 0 0 476 536 0 0 0
August 0 332 311 388 458 701 0 0 0 0 0
Augusta 370 525 463 571 680 975 0 0 0 0 0
Augustinus 0 309 289 290 258 347 755 0 0 0 0
Auke 135 409 353 361 397 460 549 566 685 776 816
Aukje 260 262 310 314 348 420 548 535 734 931 724
Axel 0 0 0 0 0 0 0 0 862 686 763
Ay?e 0 0 0 995 926 700 517 518 695 0 0
Aya 0 0 0 0 0 0 0 0 0 814 256
Ayla 0 0 0 0 0 0 0 0 922 813 734
Aylin 0 0 0 0 0 0 0 0 0 947 641
Ayman 0 0 0 0 0 0 0 0 0 0 559
Ayoub 0 0 0 0 0 0 0 0 0 431 380
Aziz 0 0 0 0 0 0 0 960 0 0 0
Azra 0 0 0 0 0 0 0 0 0 0 505
Babette 0 0 0 0 0 0 736 755 694 489 583
Barbara 167 177 183 173 155 177 103 122 359 797 0
Barbera 0 516 549 653 753 910 904 0 0 0 0
Barend 0 178 225 232 280 408 504 730 830 0 0
Barendina 0 434 473 591 707 0 0 0 0 0 0
Barry 0 0 0 0 0 0 374 186 420 0 0
Bart 0 392 541 507 402 260 124 38 23 38 187
Barteld 0 515 690 683 795 0 0 0 0 0 0
Bartholomeus 0 261 251 300 320 303 286 319 581 0 0
Bas 0 0 0 0 0 0 293 100 58 37 89
Bastiaan 0 109 134 153 168 202 127 99 165 249 368
Bastiaantje 369 313 356 429 523 807 0 0 0 0 0
Bastiana 259 615 540 666 752 974 0 0 0 0 0
Bauke 0 433 515 506 579 646 863 903 0 0 946
Baukje 368 281 295 327 422 508 638 642 0 0 0
Beatrix 367 733 667 216 319 454 0 0 0 0 0
Beau 0 0 0 0 0 0 0 0 0 532 640
Belinda 0 0 0 0 0 622 262 838 0 0 0
Ben 0 0 0 0 0 0 0 673 503 663 405
Benedictus 0 819 826 844 794 909 0 0 0 0 0
Benjamin 0 379 431 465 442 488 554 275 220 237 94
Bennie 0 0 0 0 0 0 0 0 0 0 0
Benno 0 0 886 994 0 0 0 0 0 0 0
Benny 0 906 969 993 0 0 0 797 948 0 0
Bente 0 0 0 0 0 0 0 0 786 153 133
Benthe 0 0 0 0 0 0 0 0 0 543 172
Berber 0 0 865 942 0 0 0 0 0 964 969
Berdina 366 486 441 470 578 682 0 0 0 0 0
Berend 134 94 95 103 103 119 185 285 342 346 411
Berendina 258 86 88 98 111 154 295 604 921 0 0
Bernadette 0 941 825 750 312 173 426 603 902 0 0
Bernard 133 133 145 120 138 191 300 472 648 0 0
Bernarda 0 566 480 486 515 645 0 0 0 0 0
Bernardina 365 203 169 183 226 343 661 0 0 0 0
Bernardus 0 54 44 41 43 52 122 271 452 963 0
Bernhard 0 556 748 215 396 528 754 0 0 0 0
Berry 0 0 0 0 0 0 879 499 560 0 0
Bert 0 0 808 682 499 355 411 509 748 0 0
Bertha 187 103 108 129 184 302 607 0 0 0 0
Bertus 0 206 182 188 230 325 547 826 0 0 0
Betty 0 732 747 789 878 0 0 0 0 0 0
Bianca 0 0 0 0 0 338 35 25 127 595 0
Bibi 0 0 0 0 0 0 0 0 0 628 472
Bilal 0 0 0 0 0 0 0 0 647 455 434
Birgit 0 0 0 0 0 0 773 777 726 894 0
Birgitta 0 0 0 0 0 487 933 0 0 0 0
Bjorn 0 0 0 0 0 0 0 314 301 255 326
Björn 0 0 0 0 0 0 824 196 338 384 471
Bo 0 0 0 0 0 0 0 0 0 603 527
Boaz 0 0 0 0 0 0 0 0 0 662 152
Bob 0 673 321 235 357 346 338 262 183 250 588
Bobby 0 0 0 0 0 0 0 718 733 0 0
Boris 0 0 0 0 0 0 878 848 660 334 270
Boudewijn 0 729 653 492 480 584 564 630 799 907 945
Bouke 0 818 704 769 793 937 0 882 0 0 0
Boukje 364 565 635 635 647 867 0 825 0 0 0
Bouwe 0 763 759 798 901 0 0 0 0 0 0
Boy 0 0 0 0 0 0 0 672 448 718 968
Boyd 0 0 0 0 0 0 0 0 0 812 909
Bradley 0 0 0 0 0 0 0 0 0 602 479
Brahim 0 0 0 941 0 0 0 902 0 0 0
Bram 0 817 885 922 0 0 670 162 91 22 13
Brandon 0 0 0 0 0 0 0 0 798 404 470
Bregje 363 845 905 0 0 0 0 620 0 760 657
Brenda 0 0 0 0 0 583 184 154 252 627 0
Brent 0 0 0 0 0 0 0 0 0 483 296
Brian 0 0 0 0 0 0 471 373 166 147 418
Brigitta 0 762 795 737 566 285 475 0 0 0 0
Brigitte 0 0 0 736 669 185 112 290 580 0 0
Britt 0 0 0 0 0 0 0 0 260 40 69
Bruce 0 0 0 0 0 0 0 0 0 0 699
Bruno 0 905 884 921 0 0 0 0 0 0 791
Bryan 0 0 0 0 0 0 903 925 285 172 330
Burak 0 0 0 0 0 0 0 0 693 882 993
Caitlin 0 0 0 0 0 0 0 0 0 482 539
Calvin 0 0 0 0 0 0 0 0 0 412 815
Camiel 0 0 0 0 0 0 0 0 0 775 814
Carel 41 272 299 345 395 551 977 0 0 0 0
Carina 0 0 0 0 0 936 753 741 947 0 0
Carl 0 555 418 625 767 746 844 0 0 0 0
Carla 0 682 385 170 110 102 177 366 885 0 0
Carlijn 0 0 0 0 0 0 0 619 366 298 343
Carlo 0 0 0 967 991 635 437 653 536 748 0
Carlos 0 0 0 0 949 824 772 796 0 0 0
Carmen 0 0 846 768 577 459 358 508 265 184 323
Carola 362 919 845 824 546 385 261 415 395 0 0
Carolien 0 0 0 0 0 758 408 302 502 988 0
Carolina 186 139 147 146 118 74 158 399 692 0 0
Caroline 0 693 689 718 498 100 104 185 310 661 0
Carolus 132 293 250 262 259 279 563 0 0 0 0
Cas 0 0 0 0 0 0 0 0 725 169 78
Caspar 0 761 746 843 925 908 902 959 920 0 0
Casper 0 640 417 561 602 621 489 401 273 143 150
Catharina 17 14 13 13 13 12 23 79 142 295 459
Catharinus 0 593 676 717 766 882 0 0 0 0 0
Catherine 0 904 936 0 967 973 0 0 0 0 0
Cato 0 564 590 767 0 0 0 0 0 811 285
Cecilia 257 280 293 298 251 289 546 0 0 0 0
Cees 0 0 0 0 0 0 0 0 0 0 0
Celeste 0 0 0 0 0 0 0 0 0 747 752
Celina 0 779 968 0 0 0 0 0 0 759 790
Celine 0 0 0 0 0 0 0 0 636 206 599
Chantal 0 0 0 0 0 972 110 22 30 140 688
Charissa 0 0 0 0 0 0 0 740 494 641 582
Charles 131 253 232 246 222 229 380 776 0 0 0
Charlotte 361 385 462 421 347 354 309 189 71 70 98
Chayenne 0 0 0 0 0 0 0 0 0 510 567
Chelsea 0 0 0 0 0 0 0 0 0 496 534
Cheryl 0 0 0 0 0 0 0 978 568 0 0
Cheyenne 0 0 0 0 0 0 0 0 797 238 558
Chi 0 0 0 0 0 0 0 0 0 0 0
Chiara 0 0 0 0 0 0 0 0 0 488 566
Chiel 0 0 0 0 0 0 0 0 635 531 751
Chloë 0 0 0 0 0 0 0 0 0 685 367
Chris 0 0 0 0 0 0 0 507 325 272 229
Christa 0 940 967 823 990 866 637 545 684 0 0
Christel 0 939 935 842 0 0 341 352 493 785 0
Christiaan 40 67 71 76 80 99 125 101 113 231 362
Christian 0 0 883 940 0 806 294 153 230 339 371
Christiana 0 844 722 788 814 823 0 0 0 0 0
Christianus 0 224 194 203 205 271 458 824 0 0 0
Christina 45 51 49 48 46 55 91 192 284 465 605
Christine 0 463 461 397 291 219 283 471 579 829 0
Christoffel 0 432 479 505 522 657 0 0 0 0 0
Christopher 0 0 0 0 0 0 0 1000 535 828 836
Cindy 0 0 0 0 0 0 175 66 176 454 0
Ciska 0 0 0 0 0 0 956 924 0 0 0
Claire 0 0 0 0 0 0 0 534 413 414 678
Clara 166 169 192 214 218 301 606 847 0 0 0
Clasina 165 138 141 156 175 278 545 942 0 0 0
Claudia 0 0 0 0 0 419 72 73 159 306 944
Clazina 360 349 380 410 453 582 955 0 0 0 0
Clemens 0 816 666 624 463 498 771 0 0 0 0
Coen 0 0 0 0 0 0 770 461 368 333 496
Coenraad 0 308 343 349 462 560 724 0 0 0 0
Colin 0 0 0 0 0 0 0 0 534 288 303
Collin 0 0 0 0 0 0 0 0 0 551 357
Conny 0 0 0 0 0 593 735 0 0 0 0
Constance 0 698 589 504 421 544 823 0 0 0 0
Constantijn 0 903 0 0 0 0 0 0 0 0 0
Cora 0 938 966 966 765 723 921 0 0 0 0
Corina 0 0 0 0 0 616 365 591 0 0 0
Corine 0 0 0 0 0 681 396 533 818 0 0
Corinne 0 0 0 0 0 781 693 958 0 0 0
Cornelia 7 9 8 8 9 9 16 44 87 167 278
Cornelis 10 5 5 5 5 5 6 19 37 82 156
Cornelius 0 195 193 195 212 277 498 923 0 0 0
Cornelus 0 728 496 623 646 865 0 0 0 0 0
Corné 0 0 0 0 0 0 0 0 0 849 0
Corrie 0 563 562 581 734 0 0 0 0 0 0
Cynthia 0 0 0 0 924 550 254 238 186 389 992
Céline 0 0 0 0 0 0 0 0 817 523 0
Daan 0 0 0 0 0 0 954 269 100 6 1
Dagmar 0 0 0 0 0 0 0 618 764 530 706
Daisy 0 902 0 0 0 0 0 407 155 328 513
Damian 0 0 0 0 0 0 0 0 0 110 109
Damiën 0 0 0 0 0 0 0 0 0 810 750
Dana 0 977 0 0 0 0 0 861 785 370 366
Dani 0 0 0 0 0 0 0 0 0 305 146
Daniek 0 0 0 0 0 0 0 0 0 570 664
Daniel 0 307 340 406 479 559 407 306 402 403 348
Danielle 0 0 0 0 0 935 252 305 626 0 0
Danique 0 0 0 0 0 0 0 0 292 86 164
Daniël 130 260 239 292 286 332 129 50 43 41 59
Daniëlla 0 0 0 0 0 0 572 717 861 0 0
Daniëlle 0 0 0 0 0 805 92 37 46 107 490
Danny 0 0 0 0 0 745 161 67 39 117 421
Daphne 0 0 0 0 0 0 353 200 108 73 213
Dave 0 0 0 0 0 0 488 215 234 221 427
Davey 0 0 0 0 0 0 0 0 344 394 616
David 0 190 284 348 371 322 133 77 86 71 81
Davy 0 0 0 0 0 0 650 318 309 502 713
Dean 0 0 0 0 0 0 0 0 0 588 119
Debbie 0 0 0 0 0 0 822 232 331 962 0
Debby 0 0 0 0 0 0 410 205 485 0 0
Debora 0 778 844 920 0 634 416 331 784 0 0
Deborah 0 0 0 0 0 604 325 182 203 475 835
Delano 0 0 0 0 0 0 0 0 0 411 404
Demi 0 0 0 0 0 0 0 0 533 23 110
Denis 0 901 0 0 0 0 795 0 0 0 0
Denise 0 976 934 0 0 666 421 218 51 97 403
Deniz 0 0 0 0 0 0 0 0 985 0 773
Dennie 0 0 0 0 0 0 0 716 919 0 0
Dennis 0 0 0 0 877 433 55 4 5 55 370
Denny 0 0 0 0 0 0 0 754 845 0 0
Denzel 0 0 0 0 0 0 0 0 0 758 749
Derk 129 113 119 137 139 190 287 430 578 757 943
Derkje 256 336 384 462 545 722 0 0 0 0 0
Desiree 0 0 0 0 0 0 877 590 444 930 0
Desirée 0 0 0 0 0 680 450 489 532 0 0
Destiny 0 0 0 0 0 0 0 0 0 848 538
Devin 0 0 0 0 0 0 0 0 0 774 615
Dewi 0 0 0 0 0 0 0 901 673 322 276
Dex 0 0 0 0 0 0 0 0 0 0 224
Diana 0 918 933 841 508 163 76 112 374 881 991
Diane 0 0 0 0 0 804 457 468 0 0 0
Dianne 0 0 0 0 0 0 821 739 816 987 0
Dick 0 462 395 244 208 284 435 641 815 0 0
Didier 0 0 0 0 0 0 0 0 0 0 0
Diede 0 0 0 0 0 0 0 0 0 827 604
Diederik 0 592 864 822 876 822 623 563 588 796 0
Diego 0 0 0 0 0 0 0 0 0 550 478
Dieuwertje 0 461 490 634 792 0 0 0 884 0 0
Dieuwke 359 460 451 453 544 744 0 957 0 0 0
Dilara 0 0 0 0 0 0 0 0 0 529 656
Dimitri 0 0 0 0 0 0 592 602 763 773 0
Dimphna 358 609 539 681 733 934 0 0 0 0 0
Dina 164 92 107 119 148 221 449 662 814 638 365
Dinand 0 0 0 0 0 0 0 0 0 0 458
Dingeman 0 514 507 604 628 933 0 0 0 0 0
Dingena 357 448 472 538 601 848 0 0 0 0 0
Dion 0 0 0 0 0 0 0 860 373 198 310
Dionne 0 0 0 0 0 0 0 0 587 578 0
Dirk 39 27 31 31 32 39 67 82 109 131 236
Dirk-Jan 0 0 0 0 0 0 0 900 0 0 0
Dirkje 75 72 79 93 117 166 285 450 517 587 671
Divera 0 833 621 652 693 907 0 0 0 0 0
Dominic 0 0 0 0 0 0 0 0 946 0 967
Dominicus 0 554 607 590 600 699 0 0 0 0 0
Dominique 0 0 0 0 0 0 0 617 489 880 0
Don 0 0 0 0 0 0 0 0 964 929 966
Donald 0 727 863 700 533 665 0 0 0 0 0
Donna 0 0 0 0 0 0 0 0 829 396 462
Donny 0 0 0 0 0 0 0 775 522 637 908
Donovan 0 0 0 0 0 0 0 0 0 0 0
Dora 0 553 433 644 855 0 0 0 0 0 0
Dorien 0 0 0 0 0 0 811 422 509 826 0
Dorine 0 0 0 0 0 847 843 0 0 0 0
Doris 0 937 0 919 0 0 0 0 0 0 813
Dorothea 185 179 185 172 193 239 474 899 0 0 0
Dounia 0 0 0 0 0 0 0 0 0 847 687
Douwe 0 271 229 289 297 365 482 506 559 461 495
Dries 0 900 794 860 0 0 0 0 0 0 891
Driss 0 0 0 894 0 0 0 0 0 0 0
Duco 0 0 0 0 0 0 0 0 0 986 733
Duncan 0 0 0 0 0 0 932 0 0 474 511
Durk 0 459 652 699 832 0 0 0 0 0 0
Dustin 0 0 0 0 0 0 0 0 0 0 867
Duuk 0 0 0 0 0 0 0 0 0 0 489
Dylan 0 0 0 0 0 0 0 0 225 60 77
Dylano 0 0 0 0 0 0 0 0 0 735 243
Dyon 0 0 0 0 0 0 0 0 0 946 762
Désirée 0 975 0 0 0 321 281 753 0 0 0
Eddie 0 0 0 0 0 0 0 0 0 0 0
Eddy 0 639 651 514 413 294 333 587 0 0 0
Edgar 0 815 932 939 989 906 487 706 0 0 0
Edith 0 458 375 352 267 192 209 589 0 0 0
Edmond 0 814 862 821 854 0 0 0 0 0 0
Edo 0 0 843 938 0 0 876 0 0 0 0
Eduard 128 164 167 124 95 95 121 363 655 0 0
Eduardus 0 591 596 603 478 397 537 0 0 0 0
Edward 0 638 675 445 273 266 195 481 918 0 0
Edwin 0 899 807 840 507 136 24 78 198 558 0
Eefje 0 773 842 992 0 0 0 532 672 879 647
Eelco 0 0 0 0 0 679 415 362 783 0 0
Eelke 127 485 620 716 831 0 0 898 0 0 0
Eelkje 0 637 634 715 791 0 0 0 0 0 0
Egberdina 356 391 424 444 506 615 0 0 0 0 0
Egbert 0 158 150 148 150 182 247 391 618 0 0
Egbertus 0 378 538 560 543 644 0 0 0 0 0
Egidius 0 590 721 602 658 803 0 0 0 0 0
El 0 0 806 698 668 432 431 922 0 0 0
Elbert 0 589 650 735 764 821 0 0 0 0 0
Elena 0 898 0 0 0 0 953 0 0 746 302
Eleonora 355 457 394 375 290 364 616 823 0 0 990
Eleonore 0 726 778 734 751 932 0 0 0 0 0
Elias 0 760 665 859 923 0 0 0 0 893 533
Elif 0 0 0 0 0 0 0 0 984 961 339
Elin 0 0 0 0 0 0 0 0 0 0 108
Eline 0 787 805 918 988 1000 636 338 89 62 75
Elisa 354 326 294 368 599 698 0 859 508 338 242
Elisabeth 13 12 11 11 8 7 14 35 52 119 210
Elise 353 608 548 570 645 643 734 480 238 183 101
Eliza 352 562 633 749 900 0 0 0 0 985 526
Elizabeth 43 47 51 52 50 62 98 167 222 332 375
Elize 351 936 841 937 0 0 0 0 0 0 315
Elke 0 0 0 0 0 0 0 550 507 617 723
Ella 0 614 664 733 899 0 0 0 0 569 235
Ellen 0 613 506 428 221 103 89 92 123 337 772
Elles 0 0 0 0 0 0 733 685 917 0 0
Ellis 0 0 0 0 0 0 784 705 828 945 0
Elly 0 456 245 161 224 403 875 0 0 0 0
Elroy 0 0 0 0 0 0 0 0 983 0 0
Els 0 0 0 917 750 678 920 696 813 0 0
Elsa 255 535 514 617 830 0 0 0 0 0 834
Else 0 395 393 374 565 846 0 0 0 0 965
Elsje 350 302 288 213 229 379 769 0 0 0 0
Elske 0 649 688 680 732 931 0 795 827 0 0
Elvira 0 843 931 991 0 743 660 523 625 960 866
Elwin 0 0 0 0 0 0 0 999 0 0 0
Emanuel 0 759 793 916 0 0 976 0 0 0 0
Emiel 0 813 965 990 0 971 529 284 333 388 942
Emil 0 758 882 915 0 0 0 0 0 0 0
Emile 0 408 411 485 472 536 497 517 883 0 0
Emilia 0 832 777 858 898 0 0 0 0 0 925
Emilie 254 561 663 643 706 0 0 0 982 0 670
Emily 0 0 0 0 0 0 0 0 646 383 203
Emine 0 0 0 965 897 721 605 652 882 0 0
Emir 0 0 0 0 0 0 0 0 0 0 456
Emma 349 189 216 186 247 378 732 640 197 26 7
Emmy 348 612 595 525 644 881 0 822 844 825 890
Emre 0 0 0 0 0 0 0 0 683 493 677
Enes 0 0 0 0 0 0 0 0 0 906 812
Engbert 0 672 632 714 853 0 0 0 0 0 0
Engelbert 0 588 674 797 875 970 0 0 0 0 0
Engelbertus 0 277 371 387 461 558 952 0 0 0 0
Engelina 215 148 165 165 202 257 496 998 0 0 0
Engeltje 0 440 513 616 692 0 0 0 0 0 0
Enrico 0 0 0 0 0 0 919 0 0 0 0
Enzo 0 0 0 0 0 0 0 0 0 0 614
Eric 0 812 606 452 201 66 53 149 251 616 0
Erica 0 935 861 559 627 390 348 516 963 0 0
Erik 0 636 687 386 233 70 39 32 62 248 613
Erika 347 757 736 524 966 780 604 752 0 0 0
Erna 346 364 407 288 394 308 470 0 0 0 0
Ernest 0 0 792 820 763 845 975 0 0 0 0
Ernst 0 276 305 317 376 307 368 575 812 0 0
Erwin 0 0 904 787 731 183 64 96 124 481 0
Esma 0 0 0 0 0 0 0 0 0 0 639
Esmee 0 0 0 0 0 0 0 0 447 108 76
Esmeralda 0 0 0 0 0 0 509 414 484 615 907
Esmée 0 0 0 0 0 0 0 0 478 124 171
Esra 0 0 0 0 0 0 0 0 531 473 612
Estelle 0 0 0 0 0 0 0 0 0 824 800
Ester 0 974 0 0 0 0 332 361 843 0 0
Esther 345 587 735 819 643 206 20 11 36 115 301
Etienne 0 811 0 0 0 0 603 941 0 0 0
Eugenie 0 607 686 732 749 930 768 0 0 0 0
Eugène 0 513 588 601 598 557 528 0 0 0 0
Euphemia 344 560 587 651 691 999 0 0 0 0 0
Eva 253 312 306 339 363 482 345 116 67 27 19
Evan 0 0 0 0 0 0 0 0 0 0 587
Evelien 0 0 0 0 0 656 322 191 170 356 393
Evelina 0 917 860 914 874 677 0 0 0 0 0
Eveline 343 671 619 589 356 246 253 177 264 501 655
Evelyn 0 0 0 0 873 779 527 715 0 0 0
Everardus 0 431 304 338 362 449 731 0 0 0 0
Everdina 252 129 126 134 147 207 420 729 0 0 0
Everhardus 0 512 460 588 657 864 0 0 0 0 0
Evert 126 82 82 87 92 111 160 239 319 480 638
Evertje 251 265 244 286 384 507 820 0 0 0 0
Evi 0 0 0 0 0 0 0 0 0 349 57
Evie 0 0 0 0 0 0 0 0 0 756 455
Evy 0 0 0 0 0 0 0 0 0 522 170
Ewald 0 810 824 884 965 929 874 0 0 0 0
Ewoud 0 0 0 0 0 0 0 956 1000 0 0
Ewout 0 0 0 0 0 0 0 704 860 0 0
Ezra 0 0 0 0 0 0 0 0 0 861 565
Fabian 0 0 0 0 0 0 862 389 304 281 232
Fabienne 0 0 0 0 0 0 0 0 916 549 686
Fabio 0 0 0 0 0 0 0 0 0 905 906
Fabiënne 0 0 0 0 0 0 0 0 945 336 484
Famke 0 0 0 0 0 0 0 0 0 453 426
Farah 0 0 0 0 0 0 0 0 0 904 575
Farid 0 0 0 0 0 0 901 774 0 0 0
Farida 0 0 0 0 0 0 723 794 0 0 0
Fatih 0 0 0 0 0 0 0 738 624 0 0
Fatiha 0 0 0 0 0 928 659 601 0 0 0
Fatima 0 973 859 461 322 276 227 243 353 479 537
Fatma 0 0 964 650 542 448 373 417 609 846 0
Fay 0 0 0 0 0 0 0 0 0 676 166
Faye 0 0 0 0 0 0 0 0 0 878 261
Fedde 0 725 840 883 964 0 0 0 0 0 257
Feike 0 586 734 818 948 0 0 0 0 0 0
Felicia 0 897 0 0 0 0 0 0 691 626 590
Feline 0 0 0 0 0 0 0 0 0 959 137
Felix 0 552 594 642 642 720 0 0 762 696 429
Femke 0 972 0 0 0 0 372 80 122 33 38
Femmigje 0 377 379 427 457 633 0 0 0 0 0
Fenna 184 340 374 419 460 592 900 955 598 321 62
Fenne 0 0 0 0 0 0 0 0 0 586 132
Ferdi 0 0 0 0 0 0 0 858 859 0 0
Ferdinand 0 234 187 182 143 174 272 400 597 0 0
Ferdinandus 125 635 685 817 872 927 0 0 0 0 0
Fernando 0 0 0 0 0 0 0 0 0 0 0
Ferry 0 0 0 0 0 0 692 278 467 984 0
Fieke 0 0 0 0 0 0 0 0 0 0 712
Fien 0 0 0 0 0 0 0 0 0 0 239
Fiene 0 0 0 0 0 0 0 0 0 0 195
Finn 0 0 0 0 0 0 0 0 0 282 21
Fiona 0 0 0 0 0 0 669 586 715 0 905
Fleur 0 0 0 0 0 0 951 337 206 32 26
Floor 0 0 0 0 0 0 0 544 290 93 64
Floortje 0 0 0 0 0 0 0 470 682 513 274
Flora 342 604 605 679 790 0 0 0 0 0 0
Florence 0 831 930 936 813 969 974 0 0 928 0
Florian 0 0 0 0 0 0 0 0 671 625 309
Florine 0 0 0 0 0 0 0 0 0 983 598
Floris 0 407 430 547 597 719 571 254 229 106 68
Fokje 0 363 489 537 588 718 0 0 0 0 0
Fokke 0 511 383 436 505 581 783 997 0 0 0
Fokko 0 634 703 796 789 926 0 0 0 0 0
Folkert 0 354 471 491 554 614 752 821 962 0 0
Fouad 0 0 0 0 0 0 0 881 901 0 0
Francina 250 141 140 140 149 211 414 820 0 0 0
Francine 0 786 903 989 987 0 0 0 0 0 0
Francis 0 0 0 0 0 968 950 0 0 0 0
Francisca 163 106 96 90 87 87 126 274 510 982 0
Francisco 0 0 0 988 0 0 0 0 0 0 0
Franciscus 38 30 27 26 24 17 33 120 226 675 0
Franciska 0 934 929 913 0 0 918 0 0 0 0
Frank 0 510 416 310 151 91 65 54 50 182 669
Franklin 0 0 928 748 420 664 767 0 0 0 0
Frans 0 64 78 75 85 114 198 310 459 772 904
François 124 362 429 481 477 549 544 751 0 0 0
Françoise 341 756 791 882 963 998 842 0 0 0 0
Fred 0 0 0 0 705 591 899 0 0 0 0
Freddy 0 724 586 420 361 293 357 737 0 0 0
Frederica 0 670 631 665 690 924 0 0 0 0 0
Fredericus 0 455 370 337 250 275 562 0 0 0 0
Frederik 69 69 67 64 64 73 116 208 315 528 676
Frederika 214 121 139 155 152 208 391 714 0 0 0
Frederike 0 971 0 0 0 0 0 996 0 0 0
Frederikus 123 390 369 391 321 350 583 0 0 0 0
Frederique 0 0 0 0 0 0 0 0 0 614 440
Fredrik 0 406 432 503 641 778 973 0 0 0 0
Fredrika 0 603 505 633 730 997 0 0 0 0 0
Freek 0 0 0 0 0 0 0 492 390 452 654
Freerk 122 306 450 484 514 580 810 0 0 0 0
Frieda 0 413 459 523 640 777 0 0 0 0 0
Friedrich 0 509 504 580 870 0 0 0 0 0 0
Friso 0 895 0 0 0 0 0 940 0 771 748
Frits 68 228 241 202 203 324 710 921 0 0 0
Froukje 249 257 291 326 355 446 516 498 724 927 799
Frédérique 0 0 0 0 0 0 0 0 0 926 789
Furkan 0 0 0 0 0 0 0 0 0 601 889
Gabriel 0 0 927 0 0 0 0 0 0 0 848
Gabriël 0 669 790 912 0 0 0 0 0 0 663
Gabriëlla 0 970 0 0 0 0 0 0 944 0 941
Gabriëlle 0 969 0 0 0 863 515 540 623 745 0
Gaby 0 0 0 0 0 0 0 639 681 784 0
Gea 0 0 0 0 0 820 709 0 0 0 0
Geerdina 0 606 618 664 748 967 0 0 0 0 0
Geert 0 80 92 95 98 116 148 206 263 440 675
Geertje 53 57 57 60 73 98 170 246 350 594 705
Geertruda 0 247 224 248 296 458 841 0 0 0 0
Geertrui 248 229 279 360 459 757 0 0 0 0 0
Geertruida 23 28 28 29 35 44 101 242 387 702 888
Geesje 155 154 151 167 187 283 446 713 0 0 0
Geeske 0 298 368 415 468 613 766 857 0 0 0
Geessien 247 334 392 451 576 802 0 0 0 0 0
Gemma 0 842 902 469 315 478 0 897 0 0 0
Geoffrey 0 894 0 0 0 0 0 939 796 0 0
George 121 182 173 194 179 230 390 549 761 0 0
Gepke 340 534 561 663 747 966 0 0 0 0 0
Gerald 0 0 0 0 0 996 751 954 0 0 0
Geraldine 0 0 0 0 947 0 819 0 0 0 0
Gerard 0 73 75 71 71 82 118 213 318 568 732
Gerarda 88 88 68 65 68 94 235 562 999 0 0
Gerardina 154 192 200 223 245 384 782 0 0 0 0
Gerardus 67 23 19 20 16 18 46 131 244 585 0
Gerben 120 551 352 443 476 527 324 257 361 521 833
Gerbrand 119 550 733 786 922 0 0 0 0 0 0
Gerda 339 181 116 88 93 124 233 485 881 0 0
Gerdina 338 256 204 187 182 228 406 793 0 0 0
Gerhard 0 243 180 201 244 288 445 750 0 0 0
Gerharda 0 273 272 264 293 441 873 0 0 0 0
Gerhardus 0 101 100 108 116 161 349 728 0 0 0
Gerrie 0 777 720 468 433 543 809 977 0 0 0
Gerrigje 0 264 267 313 401 571 917 0 0 0 0
Gerrit 20 13 16 17 19 21 31 45 75 125 209
Gerritdina 87 134 124 150 166 213 405 671 0 0 0
Gerritje 50 66 73 81 107 158 280 439 596 892 924
Gerry 0 0 758 713 679 844 0 0 0 0 0
Gert 0 0 0 0 788 457 364 574 880 0 0
Gert-Jan 0 0 0 0 0 0 765 638 782 0 0
Gertjan 0 0 0 0 0 995 561 629 900 0 0
Gertrud 0 316 367 450 729 923 0 0 0 0 0
Gertruda 0 156 110 107 109 127 340 976 0 0 0
Gertrude 337 549 593 615 613 632 972 0 0 0 0
Gertrudis 213 255 222 224 234 389 0 0 0 0 0
Gerwin 0 0 0 0 0 0 949 749 943 0 0
Gesina 162 230 203 240 284 418 840 0 0 0 0
Geurt 0 508 503 587 639 801 0 0 0 0 0
Geziena 0 344 440 558 656 922 0 0 0 0 0
Gezina 336 188 179 185 211 300 495 975 0 0 0
Gezinus 0 668 662 697 829 965 0 0 0 0 0
Gianni 0 0 0 0 0 0 0 0 0 783 887
Gideon 0 809 0 0 0 0 0 651 781 845 747
Giel 0 0 0 0 0 0 0 0 942 695 425
Gijs 0 0 963 0 0 0 0 286 245 76 45
Gijsbert 0 144 155 169 172 205 289 349 443 557 662
Gijsberta 0 207 234 275 370 526 872 0 0 0 0
Gijsbertha 246 366 290 336 341 497 808 0 0 0 0
Gijsbertje 335 533 537 649 812 0 0 0 0 0 0
Gijsbertus 118 119 103 114 119 160 271 465 732 0 0
Gilbert 0 0 0 0 0 964 691 974 0 0 0
Gilles 0 723 684 857 0 0 0 0 0 0 0
Gina 0 0 0 0 0 0 0 0 680 636 798
Gino 0 0 0 0 0 0 0 0 506 422 574
Giovanni 0 893 0 0 0 0 916 880 622 251 338
Gisela 0 776 776 614 921 0 0 0 0 0 0
Glenn 0 0 0 0 678 525 861 748 233 297 653
Godefrida 0 755 585 579 655 905 0 0 0 0 0
Godefridus 0 270 207 226 238 292 602 0 0 0 0
Godfried 0 548 649 696 762 862 0 0 0 0 0
Gosse 0 667 745 785 828 0 0 0 0 0 0
Goverdina 0 585 470 569 612 776 0 0 0 0 0
Govert 0 305 495 490 626 819 948 0 0 0 0
Grace 0 841 0 964 896 663 0 0 0 0 0
Grada 245 171 160 191 257 410 794 0 0 0 0
Gradus 0 343 332 409 504 775 0 0 0 0 0
Greetje 0 0 0 678 667 631 898 0 0 0 0
Gregorius 0 722 744 816 728 880 0 0 0 0 0
Gregory 0 0 0 0 0 0 0 792 879 0 0
Greta 334 339 287 297 521 800 0 0 0 0 0
Gretha 333 547 378 405 541 756 0 0 0 0 0
Grietje 22 38 41 44 53 76 151 252 383 717 847
Guido 0 0 880 856 746 417 229 219 271 419 668
Guillaume 0 454 502 586 625 742 0 0 0 0 0
Gustaaf 0 376 381 460 432 642 0 0 0 0 0
Guus 0 0 962 963 986 0 0 727 451 274 124
Guusje 0 0 0 0 0 0 0 0 0 584 179
Guy 0 0 0 0 0 0 0 0 998 0 0
Gwen 0 0 0 0 0 0 0 0 0 542 320
Gwendolyn 0 0 0 0 0 0 897 846 0 0 0
Hajar 0 0 0 0 0 0 0 0 0 635 548
Hakan 0 0 0 0 0 0 0 747 941 0 0
Halil 0 0 0 0 0 0 0 0 0 0 0
Hamid 0 0 0 0 0 994 871 0 0 0 0
Hamza 0 0 0 0 0 0 0 0 780 520 417
Han 0 0 823 855 920 0 0 0 0 0 0
Hanane 0 0 0 0 0 0 0 791 690 0 0
Hanna 0 507 521 546 564 662 0 712 595 451 314
Hannah 0 933 0 0 0 0 0 920 466 224 162
Hanne 0 0 0 0 0 0 0 0 0 944 667
Hanneke 0 968 0 881 869 774 553 222 407 958 0
Hans 117 131 102 63 63 68 113 203 314 770 0
Harald 0 721 0 0 0 993 395 879 0 0 0
Harm 116 76 87 84 91 106 139 199 277 355 586
Harmanna 332 484 528 632 677 799 0 0 0 0 0
Harmannus 0 483 401 442 503 556 896 0 0 0 0
Harmen 0 180 206 228 249 331 409 416 501 727 886
Harmina 212 184 215 245 277 377 615 0 0 0 0
Harmke 0 324 359 382 437 555 807 938 0 0 0
Harold 0 0 789 795 563 398 231 505 0 0 0
Harrie 0 808 839 880 946 0 0 0 0 0 0
Harry 0 331 221 200 161 186 356 695 997 0 0
Hasan 0 0 926 784 852 603 634 702 857 0 964
Hassan 0 0 0 893 945 502 591 726 0 0 0
Hatice 0 0 0 934 895 676 494 561 811 0 0
Hedwig 0 472 494 489 666 570 870 0 0 0 0
Heidi 0 0 0 0 0 755 304 283 0 0 0
Heiltje 211 418 488 536 638 879 0 0 0 0 0
Hein 0 482 428 483 611 717 806 878 0 981 832
Heinrich 0 259 303 351 553 641 1000 0 0 0 0
Heintje 331 359 387 459 562 843 0 0 0 0 0
Heleen 0 0 0 0 0 697 486 479 544 795 0
Helen 0 967 858 911 761 590 508 670 0 0 0
Helena 42 33 33 34 37 40 77 179 282 427 466
Helene 0 476 570 522 532 506 681 0 0 0 0
Helga 0 830 683 418 624 542 448 877 0 0 0
Helma 0 966 0 0 0 716 947 0 0 0 0
Henderika 153 153 162 171 186 264 404 837 0 0 0
Henderikus 0 211 271 274 288 383 582 937 0 0 0
Hendrica 210 170 170 179 207 335 708 0 0 0 0
Hendricus 37 74 86 86 102 148 292 600 940 0 0
Hendrik 6 7 7 7 7 8 7 16 38 85 145
Hendrika 12 15 15 16 17 27 45 106 175 317 461
Hendrikje 84 75 77 83 101 138 226 372 465 823 923
Hendrikus 36 29 24 24 25 29 52 136 224 450 746
Hendrina 152 128 130 123 133 189 403 856 0 0 0
Henk 0 506 358 287 248 218 307 443 634 943 963
Hennie 0 0 757 648 745 842 0 0 0 0 0
Henny 0 559 365 281 364 496 895 0 0 0 0
Henri 66 104 144 157 189 255 379 599 981 0 0
Henrica 183 107 81 74 81 101 196 616 0 0 0
Henricus 0 50 38 35 33 32 75 250 435 980 0
Henriette 182 137 164 168 164 217 481 0 0 0 0
Henriëtte 244 266 198 199 134 133 165 406 670 0 0
Henry 0 633 604 557 489 515 590 790 0 0 0
Herbert 0 481 603 521 575 579 707 0 0 0 0
Herma 0 965 1000 962 676 569 793 0 0 0 0
Herman 115 59 62 58 65 81 146 264 389 716 885
Hermanna 330 412 427 441 471 578 999 0 0 0 0
Hermannus 0 218 233 268 311 396 649 0 0 0 0
Hermanus 114 58 55 56 56 80 188 419 669 0 0
Hermina 81 81 83 89 106 145 277 560 899 0 0
Hermine 329 495 423 449 467 620 0 0 0 0 0
Hessel 0 720 584 695 727 904 946 973 915 647 685
Hester 0 584 569 677 704 640 337 340 483 726 0
Hetty 0 532 536 556 552 655 0 0 0 0 0
Hicham 0 0 0 0 0 0 0 876 810 734 0
Hidde 0 892 838 933 0 0 0 995 573 229 140
Hielke 0 583 743 815 894 0 0 0 0 0 0
Hilbert 0 666 648 694 726 861 0 0 0 0 0
Hilbrand 0 891 775 879 962 0 0 0 0 0 0
Hilda 0 398 351 347 360 402 493 845 0 0 0
Hilde 328 0 999 854 787 715 589 371 401 500 865
Hildegard 209 531 583 585 944 992 0 0 0 0 0
Hillechien 0 397 377 464 551 773 0 0 0 0 0
Hillegonda 327 242 218 225 237 342 560 0 0 0 0
Hilligje 0 301 307 359 446 568 0 0 0 0 0
Hiltje 0 202 228 305 354 477 722 0 0 0 0
Hinderika 0 546 527 613 725 0 0 0 0 0 0
Hindrik 0 286 309 395 466 577 839 0 0 0 0
Hinke 0 430 469 488 587 741 971 0 0 0 0
Huberdina 0 325 336 367 431 567 945 0 0 0 0
Hubert 0 252 231 222 274 369 668 0 0 0 0
Huberta 243 338 339 381 427 602 0 0 0 0 0
Hubertina 181 174 133 126 132 193 601 0 0 0 0
Hubertus 0 83 65 61 54 64 150 394 679 0 0
Hugo 0 320 298 332 295 334 383 309 406 241 87
Huiberdina 0 500 560 622 724 991 0 0 0 0 0
Huibert 0 227 254 260 303 407 543 836 0 0 0
Huig 0 545 617 712 868 0 0 0 0 0 0
Humphrey 0 0 961 892 786 903 0 0 0 0 0
Huub 0 0 0 0 0 0 0 0 0 769 516
Hylke 0 0 0 0 0 0 0 0 0 0 989
Hélène 0 681 702 662 689 589 658 0 0 0 0
Hüseyin 0 0 960 878 0 772 750 875 980 0 0
IJsbrand 0 632 719 783 893 0 0 0 0 0 0
Ian 0 0 0 0 0 0 0 994 586 320 337
Ibrahim 0 0 959 814 919 619 648 580 549 583 433
Ida 78 125 118 128 146 222 464 835 0 0 0
Ids 0 807 901 987 0 0 0 0 0 0 962
Igor 0 0 0 0 0 0 764 919 0 0 0
Ikram 0 0 0 0 0 0 0 0 878 860 0
Ilias 0 0 0 0 0 0 0 0 0 492 460
Ilja 0 0 0 0 0 0 763 819 0 903 0
Ilona 0 932 998 853 760 453 232 110 160 418 884
Ilonka 0 0 0 0 0 963 434 711 0 0 0
Ilse 326 439 415 448 637 426 187 114 97 65 116
Ilyas 0 0 0 0 0 0 0 0 0 0 581
Imane 0 0 0 0 0 0 0 0 961 449 512
Imke 0 772 774 961 0 0 0 736 543 331 295
Imran 0 0 0 0 0 0 0 0 0 0 424
Ina 0 829 478 320 302 505 944 0 0 0 0
Indy 0 0 0 0 0 0 0 0 0 230 113
Ineke 0 0 925 482 353 481 600 588 779 0 0
Inez 0 0 0 0 0 0 781 918 0 859 903
Inge 0 0 773 535 488 210 128 98 98 181 504
Ingeborg 0 771 568 520 550 241 172 281 542 0 0
Ingmar 0 0 0 0 0 0 998 874 939 0 846
Ingrid 0 916 718 238 84 33 22 88 276 902 0
Irene 0 648 582 121 122 107 140 176 215 359 811
Iris 0 915 924 877 636 486 244 156 33 7 42
Irma 0 447 439 394 310 153 174 426 633 0 0
Irmgard 0 524 661 731 961 696 970 0 0 0 0
Isa 0 0 0 0 0 0 0 0 0 74 25
Isaac 0 0 822 986 0 0 0 0 0 0 961
Isabel 0 0 0 0 0 0 997 873 731 171 129
Isabella 0 558 501 545 596 612 721 936 996 335 143
Isabelle 325 0 0 0 0 0 860 773 488 176 206
Isis 0 0 0 0 0 0 0 0 0 460 184
Ismail 0 0 0 876 0 860 749 694 632 794 738
Ivan 0 0 0 0 0 0 931 789 877 793 454
Ivana 0 0 0 0 0 0 0 0 0 809 988
Ivar 0 0 0 0 0 0 894 935 795 541 469
Ivo 0 890 879 0 943 654 303 147 287 361 557
Ivonne 0 775 673 534 387 274 321 746 0 0 0
Ivy 0 0 0 0 0 0 0 0 0 0 468
Iwan 0 889 958 985 892 771 443 539 0 891 922
Izaak 113 353 487 647 785 0 0 0 0 0 0
Izaäk 0 480 616 711 723 0 0 0 0 0 0
Jaap 0 754 647 555 574 535 526 339 394 634 788
Jacco 0 0 0 0 0 0 581 772 876 694 0
Jack 0 806 837 875 891 754 893 0 898 674 220
Jacky 0 0 0 0 0 0 0 0 0 0 0
Jacob 19 19 25 27 31 38 60 95 120 158 223
Jacoba 31 25 30 30 36 41 81 159 257 408 597
Jacobje 324 446 512 554 688 0 0 0 0 0 0
Jacobus 16 18 17 18 20 25 48 107 169 271 483
Jacomina 208 186 227 271 318 452 805 0 0 0 0
Jacqueline 0 523 486 380 181 45 40 166 308 925 0
Jacques 0 251 266 285 292 368 559 0 0 0 0
Jade 0 0 0 0 0 0 0 0 979 354 176
Jaimy 0 0 0 0 0 0 0 0 760 459 831
Jake 0 0 0 0 0 0 0 0 0 0 525
Jakob 65 118 142 159 199 252 344 515 759 979 875
Jakobus 0 582 660 747 890 0 0 0 0 0 0
Jamal 0 0 0 0 0 990 748 615 978 0 0
James 0 753 836 813 586 630 930 0 0 0 410
Jamie 0 0 0 0 0 0 0 0 704 463 830
Jamila 0 0 0 0 0 841 680 628 995 0 0
Jan 3 4 4 4 4 4 4 6 8 31 48
Jan-Willem 0 0 0 0 0 0 647 478 654 0 0
Jana 0 0 0 0 0 0 0 0 0 1000 787
Jane 0 931 923 891 867 675 838 917 0 0 960
Janet 0 0 0 0 0 601 399 693 977 0 0
Janette 0 0 0 0 0 653 747 0 0 0 0
Janine 0 964 0 0 889 600 312 304 322 417 940
Janke 180 199 197 221 232 345 536 808 0 0 0
Janna 77 56 61 70 79 113 180 267 298 327 319
Janne 0 0 0 0 0 0 0 0 938 407 290
Janneke 0 417 468 435 346 361 311 119 185 279 503
Jannes 112 258 286 325 383 480 667 916 0 957 0
Jannetje 49 52 56 67 88 139 242 393 419 624 704
Jannette 0 752 857 839 744 548 690 0 0 0 0
Jannie 0 438 270 164 191 286 503 637 758 808 959
Jannigje 179 123 131 149 180 291 456 684 794 999 958
Janny 0 840 265 160 145 220 507 872 0 0 0
Jans 0 544 485 533 623 798 0 0 0 0 0
Jansje 178 108 129 152 204 375 657 0 0 0 0
Jantien 0 337 410 458 622 714 0 972 0 0 0
Jantiena 0 647 630 730 811 989 0 0 0 0 0
Jantina 161 152 154 178 178 227 319 531 897 0 0
Jantine 0 692 717 838 703 713 762 530 723 0 0
Jantinus 0 719 629 746 888 0 0 0 0 0 0
Jantje 76 44 46 49 58 86 157 325 541 0 0
Jara 0 0 0 0 0 0 0 0 0 822 585
Jari 0 0 0 0 0 0 0 0 0 293 390
Jarno 0 0 0 0 0 0 0 442 516 196 318
Jasmijn 0 0 0 0 0 0 0 788 500 141 44
Jason 0 0 0 0 0 0 0 896 527 286 177
Jasper 0 718 526 612 675 753 315 97 59 44 65
Jay 0 0 0 0 0 0 0 0 0 348 277
Jayden 0 0 0 0 0 0 0 0 0 755 24
Jayson 0 0 0 0 0 0 0 0 0 0 416
Jean 0 217 264 341 317 330 363 627 793 0 0
Jean-Paul 0 0 0 0 0 0 720 771 0 0 0
Jeanette 323 717 581 480 345 251 260 650 0 0 0
Jeanine 0 0 0 0 0 797 580 661 487 807 0
Jeanne 322 197 195 239 287 468 892 0 0 0 0
Jeannette 207 221 223 193 135 120 182 559 0 0 0
Jeffrey 0 0 0 0 0 695 320 132 20 95 547
Jeffry 0 0 0 0 0 0 0 895 0 0 0
Jelle 0 269 283 261 300 320 367 209 110 52 103
Jelmer 0 0 922 0 0 0 0 522 296 240 379
Jelte 111 581 772 910 960 0 0 0 976 782 245
Jeltje 321 173 205 231 283 395 570 844 0 0 0
Jenna 0 0 0 0 0 0 0 0 0 942 415
Jenneke 320 237 302 324 334 445 646 701 875 0 0
Jenneken 319 437 426 568 674 902 0 0 0 0 0
Jennie 0 888 788 890 942 0 0 0 0 0 0
Jennifer 0 0 0 0 0 921 433 233 132 138 308
Jennigje 318 382 391 404 520 639 891 0 0 0 0
Jenny 242 471 355 340 328 357 455 396 499 821 0
Jens 0 0 0 0 0 0 0 0 608 175 66
Jente 0 0 0 0 0 0 0 0 0 792 384
Jentje 317 263 274 296 382 495 818 0 0 0 0
Jeremy 0 0 0 0 0 0 0 725 393 236 443
Jermaine 0 0 0 0 0 0 0 0 874 0 0
Jeroen 0 716 0 960 531 123 21 3 2 48 399
Jerry 0 0 0 0 0 752 430 455 492 978 0
Jesper 0 0 0 0 0 0 0 993 337 179 199
Jesse 0 0 0 0 0 0 0 614 190 25 11
Jessica 0 0 0 0 0 712 218 60 72 165 573
Jessie 0 963 0 0 0 0 0 0 659 369 556
Jessy 0 0 0 0 0 0 0 0 0 890 864
Jet 0 0 0 0 0 0 0 0 0 421 329
Jetske 316 429 535 553 621 796 0 0 0 0 0
Jikke 0 839 957 0 0 0 0 0 0 0 796
Jill 0 0 0 0 0 0 0 669 327 205 135
Jilles 0 887 771 909 0 0 0 0 0 0 939
Jim 0 0 0 0 0 0 0 953 381 244 265
Jimmy 0 0 0 0 985 878 859 429 232 319 580
Jip 0 0 0 0 0 0 0 0 0 684 631
Jitske 315 445 390 434 519 611 792 710 792 924 938
Joachim 110 805 756 908 0 0 0 871 0 0 1000
Joan 0 697 900 852 665 566 780 971 0 0 0
Joanna 151 126 117 127 154 237 480 770 856 0 810
Joanne 0 0 0 0 0 0 0 807 607 623 771
Joannes 64 84 74 82 97 142 382 818 0 0 0
Joas 0 0 0 0 0 0 0 0 0 0 572
Job 0 405 567 745 784 920 929 497 348 132 190
Jochem 0 631 615 641 759 901 666 313 321 200 322
Joep 0 0 0 0 0 0 0 464 313 145 100
Joeri 0 0 0 0 0 0 0 543 317 368 684
Joey 0 0 0 0 0 0 0 463 84 79 157
Johan 15 24 29 28 30 34 47 58 125 263 449
Johann 0 241 253 323 496 599 858 0 0 0 0
Johanna 2 3 3 3 3 3 3 5 11 64 138
Johannes 4 2 2 2 2 2 1 1 1 34 91
Johannis 0 210 237 335 369 494 706 843 0 0 0
Johannus 0 543 484 578 687 770 915 0 0 0 0
John 0 330 400 344 190 152 135 217 307 733 921
Johnny 0 886 821 532 299 216 223 343 482 0 0
Johny 0 0 997 932 827 919 0 0 0 0 0
Joke 0 0 0 426 239 299 645 806 0 0 0
Jolanda 0 962 0 0 595 54 28 72 280 0 0
Jolande 0 0 0 0 0 467 791 0 0 0 0
Jolie 0 0 0 0 0 0 0 0 0 0 420
Jolien 0 0 0 0 0 0 0 709 358 683 711
Jolijn 0 0 0 0 0 0 0 915 730 660 532
Jonah 0 0 0 0 0 0 0 0 0 0 637
Jonas 0 0 0 0 0 0 0 0 0 577 354
Jonathan 0 0 0 0 0 0 0 434 267 257 202
Joop 0 0 956 959 887 0 0 0 0 0 0
Joost 0 292 335 343 327 313 190 71 79 104 255
Jop 0 0 0 0 0 0 0 0 0 439 432
Joppe 0 0 0 0 0 0 0 0 0 843 761
Joram 0 0 0 0 0 0 0 992 0 0 0
Joran 0 0 0 0 0 0 0 0 873 512 710
Jordan 0 0 0 0 0 0 0 0 0 693 630
Jordi 0 0 0 0 0 0 0 573 254 161 579
Jordy 0 0 0 0 0 0 0 360 88 66 259
Jorg 0 0 0 0 0 0 0 700 0 956 987
Jorien 0 0 0 0 0 0 0 769 606 0 0
Jorik 0 0 0 0 0 0 0 0 0 0 0
Joris 0 630 755 744 851 840 352 152 147 112 148
Jorn 0 0 0 0 0 0 0 683 429 268 347
Jorrit 0 0 0 0 0 0 0 453 411 495 578
Jort 0 0 0 0 0 0 0 0 0 399 254
Jos 0 0 0 0 0 962 730 317 332 715 0
Josef 109 629 559 531 722 918 0 0 0 0 0
Joseph 63 70 64 57 57 78 237 484 714 0 0
Josepha 314 411 406 270 185 265 746 0 0 0 0
Josephina 177 99 85 79 76 93 276 699 0 0 0
Josephine 313 323 297 280 236 240 614 991 778 499 298
Josephus 62 77 72 66 61 75 201 413 653 0 0
Joshua 0 0 0 0 0 0 0 914 380 228 173
Josina 0 209 249 257 263 372 689 970 0 0 0
Josine 0 914 0 0 0 0 0 787 0 0 0
José 0 961 820 782 721 711 779 990 0 0 0
Jouke 0 505 672 621 720 877 996 0 0 0 0
Joukje 241 522 500 544 620 859 0 0 0 0 0
Joy 0 0 0 0 0 0 0 0 652 367 346
Joyce 0 885 804 567 282 250 199 56 48 151 564
Jozef 108 132 114 102 78 92 241 483 729 0 0
Jozefina 0 611 558 599 540 740 0 0 0 0 0
Jozina 240 335 350 403 456 554 914 0 0 0 0
Joël 0 0 0 0 0 0 0 682 365 254 272
Joëlle 0 0 0 0 0 0 0 0 548 246 414
Juan 0 0 921 0 0 0 995 0 0 0 0
Judith 239 436 499 414 368 171 83 34 106 193 555
Jules 0 751 614 766 810 900 0 0 722 472 409
Julia 206 311 409 440 470 524 644 613 275 20 10
Julian 0 0 0 0 0 0 0 0 464 92 33
Juliana 238 348 349 331 408 541 943 0 0 0 0
Julie 312 785 899 0 0 0 0 0 809 270 154
Julien 0 884 898 0 0 0 0 0 0 0 986
Juliette 0 828 920 984 0 839 705 0 747 540 448
Julius 0 428 493 543 530 652 994 0 0 438 246
Juliëtte 0 0 0 0 0 0 0 0 937 539 571
Jur 0 0 0 0 0 0 0 0 0 714 652
Jurgen 0 0 0 0 0 739 270 295 521 556 829
Jurian 0 0 0 0 0 0 0 0 0 0 0
Jurjen 0 479 520 611 619 674 745 572 668 901 937
Jurre 0 0 0 0 0 0 0 0 936 350 126
Jurriaan 0 883 919 0 0 0 993 735 913 0 0
Jurrien 0 580 716 874 941 0 0 0 0 0 0
Jurriën 0 0 996 0 0 0 0 0 0 0 0
Justin 0 0 0 0 0 0 0 527 218 69 95
Justus 0 882 918 0 0 0 0 0 0 977 985
Juul 0 0 0 0 0 0 0 0 0 923 698
Jürgen 0 0 0 0 0 0 613 626 0 0 0
Kaan 0 0 0 0 0 0 0 0 0 998 629
Kadir 0 0 0 0 0 0 0 0 0 0 0
Kai 0 0 0 0 0 0 0 0 826 498 273
Kaj 0 0 0 0 0 0 0 0 912 593 498
Kaoutar 0 0 0 0 0 0 0 0 0 701 863
Karel 61 91 99 105 113 162 329 521 645 842 828
Karen 0 0 0 0 984 476 263 260 439 0 0
Karim 0 0 0 0 0 0 0 579 617 922 0
Karima 0 0 0 0 0 0 837 449 689 0 0
Karin 0 0 0 502 381 57 42 57 187 791 0
Karina 0 0 0 0 0 651 514 660 0 0 0
Karl 0 665 566 501 918 0 0 0 0 0 0
Karlijn 0 0 0 0 0 0 0 452 279 280 297
Kars 0 0 0 0 0 0 0 0 0 997 957
Karst 0 881 803 907 983 0 0 0 0 0 0
Karsten 0 0 0 0 0 0 0 0 0 0 795
Kas 0 0 0 0 0 0 0 0 0 941 737
Kasper 0 715 770 889 0 0 0 612 526 582 442
Kate 0 0 0 0 0 0 0 0 0 0 408
Katharina 311 333 338 385 502 394 442 692 935 0 0
Katinka 0 0 0 0 0 988 836 969 0 0 0
Katja 0 0 0 0 0 0 479 578 0 0 999
Kay 0 0 0 0 0 0 0 0 477 378 268
Kaylee 0 0 0 0 0 0 0 0 777 234 345
Kayleigh 0 0 0 0 0 0 0 0 520 261 383
Keano 0 0 0 0 0 0 0 0 0 0 181
Kees 0 714 414 330 333 493 719 625 594 659 524
Kelly 0 0 0 0 0 0 0 253 42 118 0
Kelsey 0 0 0 0 0 0 0 0 975 506 809
Kelvin 0 0 0 0 0 0 0 0 631 487 936
Kenan 0 0 0 0 0 0 0 0 0 0 984
Kenneth 0 880 0 0 719 540 688 786 498 841 0
Kenny 0 0 0 0 0 0 0 0 530 0 0
Kevin 0 0 0 0 0 0 0 151 3 11 169
Khadija 0 0 0 0 886 738 622 598 808 0 722
Khalid 0 0 0 0 0 0 761 520 630 0 0
Kian 0 0 0 0 0 0 0 0 0 0 356
Kick 0 0 0 0 0 0 0 0 0 0 423
Kiki 0 0 0 0 0 0 0 0 567 278 198
Kim 0 0 0 0 0 0 0 785 0 0 0
Kimberley 0 0 0 0 0 0 0 834 99 189 770
Kimberly 0 0 0 0 0 0 0 768 144 157 651
Kirsten 0 0 0 0 0 0 441 178 133 155 359
Kitty 0 664 628 710 664 576 425 558 872 0 0
Kjeld 0 0 0 0 0 0 0 0 0 996 935
Kjell 0 0 0 0 0 0 0 0 0 877 845
Klaas 14 43 52 55 59 79 105 175 270 373 453
Klaasje 205 185 217 252 340 456 679 870 0 0 0
Klaaske 310 315 389 433 513 795 0 0 0 0 0
Klara 204 404 449 566 783 987 0 0 0 0 0
Klasina 309 287 315 355 393 521 835 0 0 0 0
Klaske 0 827 715 743 743 961 0 0 0 0 0
Klazina 80 176 174 198 214 298 469 767 0 0 0
Koen 0 0 995 0 0 0 463 161 63 49 71
Koenraad 0 663 659 676 809 710 744 894 934 0 0
Koert 0 750 769 781 940 960 0 0 0 0 0
Koos 0 0 917 931 982 0 0 0 0 0 0
Kornelia 176 375 422 513 618 769 992 0 0 0 0
Kornelis 107 151 168 175 210 270 389 557 776 0 0
Krijn 0 352 382 432 518 818 0 0 0 0 646
Kris 0 0 0 0 0 0 0 0 0 995 683
Krista 0 0 0 0 0 0 0 448 807 0 0
Kristel 0 0 0 0 0 0 913 316 418 781 0
Kristian 0 0 0 0 0 0 0 968 0 0 998
Kyan 0 0 0 0 0 0 0 0 0 0 212
Kyano 0 0 0 0 0 0 0 0 0 0 342
Kyara 0 0 0 0 0 0 0 0 0 651 422
Kyra 0 0 0 0 0 0 0 0 519 243 228
Laila 0 0 0 0 0 0 0 893 933 921 883
Lamberdina 308 470 413 439 487 694 0 0 0 0 0
Lambert 0 427 314 366 419 475 643 989 0 0 0
Lamberta 237 214 243 256 339 440 687 0 0 0 0
Lambertha 0 662 547 552 594 737 0 0 0 0 0
Lambertus 0 68 70 69 69 83 155 359 605 0 0
Lammechien 307 579 580 631 686 0 0 0 0 0 0
Lammert 0 250 235 284 351 431 569 766 0 0 0
Lammigje 0 426 534 577 702 0 0 0 0 0 0
Lana 0 0 0 0 0 0 0 0 0 806 217
Lara 0 0 0 0 0 0 0 784 458 178 122
Larissa 0 0 0 0 0 0 0 817 303 174 477
Lars 0 0 0 0 0 0 568 270 107 9 12
Lasse 0 0 0 0 0 0 0 0 0 0 570
Latifa 0 0 0 0 0 0 890 698 0 0 0
Laura 0 661 579 640 573 430 246 81 9 10 90
Lauren 0 0 0 0 0 0 0 0 960 622 284
Laurens 0 329 331 384 418 492 402 244 171 210 307
Laurentia 0 713 768 765 701 709 991 0 0 0 0
Laurentius 0 285 278 242 254 259 462 805 959 0 0
Laurina 306 602 671 780 850 0 0 0 0 0 0
Layla 0 0 0 0 0 0 0 0 0 889 628
Lea 0 879 878 958 0 0 0 0 0 0 844
Leander 0 0 0 0 0 0 0 0 0 0 983
Leanne 0 0 0 0 0 0 0 0 911 768 745
Leendert 35 49 60 59 67 90 144 228 300 426 523
Leentje 236 223 242 279 392 588 942 0 0 0 0
Lena 86 89 98 112 144 249 468 624 757 613 294
Lenn 0 0 0 0 0 0 0 0 0 0 428
Lennard 0 0 0 0 0 0 0 0 713 712 862
Lennart 0 0 0 0 0 0 0 548 357 519 786
Leo 0 240 186 190 197 297 525 913 0 0 0
Leon 0 660 767 930 981 736 385 265 216 219 344
Leonard 106 249 282 303 285 317 424 597 775 976 0
Leonarda 305 605 477 438 407 429 579 952 0 0 0
Leonardus 105 60 54 51 48 58 109 298 558 0 0
Leonie 235 416 399 437 452 501 381 143 128 318 645
Leonora 304 691 578 729 635 794 0 0 0 0 0
Leontine 0 0 955 983 959 838 760 842 0 0 0
Leopold 0 659 701 500 663 0 0 0 0 0 0
Leroy 0 0 0 0 0 0 0 765 247 437 627
Lesley 0 0 0 0 0 0 0 0 678 0 0
Leuntje 203 384 458 551 662 959 0 0 0 0 0
Levi 0 0 0 0 0 0 0 0 756 216 27
Levy 0 0 0 0 0 0 0 0 0 975 522
Lex 0 0 0 0 0 0 0 0 593 518 536
Leyla 0 0 0 0 0 0 969 0 0 0 882
Liam 0 0 0 0 0 0 0 0 0 436 74
Lian 0 0 0 0 0 0 0 0 0 994 0
Lianne 0 0 0 0 0 0 759 433 204 314 439
Liduina 0 960 856 794 561 650 0 0 0 0 0
Lidwina 0 0 994 837 486 500 990 0 0 0 0
Lieke 0 0 0 0 0 0 0 336 149 88 18
Liesbeth 0 878 877 873 718 534 355 370 806 0 0
Lieuwe 0 425 525 598 634 768 989 0 0 0 902
Lieve 0 0 0 0 0 0 0 0 0 658 249
Lijntje 303 254 313 390 485 673 0 0 0 0 0
Lilian 0 959 766 675 441 305 343 514 553 955 0
Lily 0 826 835 0 0 0 0 0 0 0 406
Lina 302 444 546 639 826 0 0 0 0 711 139
Linda 0 0 0 0 332 137 62 7 15 195 709
Linde 0 0 0 0 0 0 0 0 774 393 185
Lindsay 0 0 0 0 0 0 0 951 434 780 744
Lindsey 0 0 0 0 0 0 0 0 476 576 398
Lindy 0 0 0 0 0 0 0 0 552 875 874
Linsey 0 0 0 0 0 0 0 0 585 888 934
Lisa 0 958 993 0 0 0 0 556 40 4 17
Lisanne 0 0 0 0 0 0 0 950 93 81 221
Lise 0 0 0 0 0 0 0 0 994 657 241
Liselotte 0 0 992 0 0 0 0 783 644 692 626
Lisette 0 0 0 0 0 793 318 195 167 430 920
Liv 0 0 0 0 0 0 0 0 0 0 134
Livia 0 0 0 0 0 0 0 0 0 0 382
Liz 0 0 0 0 0 0 0 0 0 790 178
Liza 0 825 916 0 0 0 0 988 457 567 413
Lize 0 913 954 0 0 0 0 0 0 0 341
Lizzy 0 0 0 0 0 0 0 0 629 600 216
Lobke 0 0 0 0 0 0 0 841 0 789 919
Lodewijk 60 208 220 209 243 353 599 745 0 0 0
Loek 0 0 0 0 0 0 0 0 993 673 300
Loes 0 0 953 764 885 0 0 289 210 262 389
Lois 0 0 0 0 0 0 0 0 0 575 488
Lola 0 0 0 0 0 0 0 0 0 621 231
Lonneke 0 0 0 0 0 0 743 335 400 486 794
Lorenzo 0 0 0 0 0 0 0 0 463 212 313
Lot 0 0 0 0 0 0 0 0 0 0 487
Lotte 301 957 0 0 0 0 0 294 85 18 14
Louis 0 105 121 143 141 209 413 668 842 887 731
Louisa 85 112 137 138 177 263 552 869 0 0 843
Louise 202 111 115 92 77 126 269 412 386 347 282
Lourens 0 374 457 550 700 876 0 0 0 0 0
Loïs 0 0 0 0 0 0 0 0 0 311 136
Lubbert 0 749 658 709 825 0 0 0 0 0 0
Lubbertus 0 658 765 742 782 958 0 0 0 0 0
Lubertus 0 657 732 779 939 0 0 0 0 0 0
Luc 0 0 0 0 0 0 912 667 336 122 215
Luca 0 0 0 0 0 0 0 0 0 592 827
Lucas 0 284 226 241 231 204 284 348 212 53 5
Lucia 0 193 175 158 126 146 366 764 805 954 901
Luciano 0 0 0 0 0 0 0 0 0 858 521
Lucie 0 469 519 576 742 0 0 0 0 0 826
Lucien 0 0 764 872 849 708 642 0 0 0 0
Lucienne 0 956 0 0 917 587 704 0 0 0 0
Lucy 0 877 0 0 0 0 0 0 0 0 577
Ludovicus 0 304 202 249 270 363 678 0 0 0 0
Ludwig 0 628 602 708 884 0 0 0 0 0 0
Luka 0 0 0 0 0 0 0 0 0 710 374
Lukas 0 424 557 674 717 767 941 949 721 382 240
Luke 0 0 0 0 0 0 0 0 773 326 388
Luna 0 0 0 0 0 0 0 0 0 170 72
Lutske 0 601 613 778 848 0 0 0 0 0 0
Luuk 0 0 0 0 0 0 0 649 180 47 16
Lydia 0 494 498 396 326 306 388 390 462 682 769
Lynn 0 0 0 0 0 0 0 0 475 160 37
Léon 0 802 915 0 0 0 558 526 772 940 0
M'hamed 0 0 0 871 0 957 0 0 0 0 0
Maaike 234 145 158 184 196 245 200 64 81 91 263
Maarten 0 117 123 136 124 122 95 29 41 94 214
Maartje 160 98 113 133 169 262 336 144 174 164 248
Maas 0 748 897 957 0 0 0 0 0 0 808
Maatje 201 159 210 243 338 451 718 892 0 0 0
Machiel 104 361 334 373 430 520 612 681 974 0 0
Machteld 0 912 855 956 916 837 790 855 0 0 0
Madeleine 300 770 854 812 654 672 857 0 0 0 933
Madelief 0 0 0 0 0 0 0 0 0 420 219
Madelon 0 0 0 0 915 0 633 636 425 555 825
Magda 0 955 802 728 673 899 0 0 0 0 0
Magdalena 200 122 143 141 140 200 398 542 791 0 0
Maik 0 0 0 0 0 0 0 0 677 744 697
Maike 0 838 0 0 0 0 0 596 841 900 0
Maikel 0 0 0 0 0 0 502 237 151 381 881
Maja 0 0 914 929 883 0 0 0 0 0 0
Malika 0 0 0 0 0 575 535 611 0 0 0
Malou 0 0 0 0 0 0 0 0 424 805 842
Mandy 0 0 0 0 0 0 423 249 56 137 476
Manfred 0 0 0 811 0 986 588 0 0 0 0
Manon 0 0 0 0 0 661 216 140 69 90 447
Manouk 0 0 0 0 0 0 0 0 529 497 793
Manuel 0 876 819 906 0 0 758 595 804 0 554
Manuela 0 0 0 0 0 0 297 541 528 874 0
Mara 0 0 0 0 0 0 0 967 720 471 262
Marc 0 0 0 0 1000 296 74 105 140 188 611
Marcel 0 712 646 519 281 53 8 24 135 470 0
Marcella 0 954 952 0 0 766 789 555 428 0 0
Marcellinus 0 0 0 0 539 170 467 0 0 0 0
Marcellus 0 0 0 955 716 360 641 0 0 0 0
Marchien 0 423 533 542 610 792 0 0 0 0 0
Marcia 0 0 0 0 0 0 729 571 0 0 0
Marciano 0 0 0 0 0 0 0 0 0 0 0
Marco 0 0 0 0 938 180 18 46 94 215 682
Marcus 0 542 532 610 440 125 69 202 330 640 636
Mare 0 0 0 0 0 0 0 0 0 920 289
Marga 0 875 991 928 808 539 742 987 0 0 0
Margaret 0 769 834 870 538 538 0 0 0 0 0
Margaretha 46 35 35 33 28 30 68 157 289 591 900
Margje 199 220 190 230 268 382 677 691 0 0 0
Margo 0 784 833 793 572 598 665 912 992 0 0
Margot 0 646 714 661 549 425 447 577 514 767 0
Margreet 0 0 0 0 781 574 452 547 0 0 0
Margretha 0 690 832 851 866 898 0 0 0 0 0
Margriet 0 953 0 541 192 223 258 368 615 0 0
Margrietha 0 689 713 763 807 0 0 0 0 0 0
Maria 1 1 1 1 1 1 2 2 4 45 92
Mariam 0 0 0 0 0 0 0 0 958 0 824
Marian 0 0 0 673 359 268 339 482 0 0 0
Marianna 0 600 627 530 406 693 0 0 0 0 0
Marianne 233 381 327 101 44 48 99 164 295 766 0
Marie 74 85 84 104 108 134 239 460 584 700 596
Marie-Louise 0 0 0 954 847 836 834 986 0 0 0
Marieke 0 0 0 0 980 533 166 27 82 156 446
Marije 0 0 0 0 0 0 473 139 202 285 531
Marijke 299 688 405 115 75 105 213 169 240 566 0
Marijn 0 0 0 0 0 0 0 833 755 599 861
Marijtje 0 394 448 512 715 0 0 0 0 0 0
Marike 0 0 0 0 0 0 869 690 0 0 0
Marina 298 499 438 255 217 188 259 334 417 743 860
Marinus 103 31 32 32 34 36 50 89 139 214 328
Mario 0 0 989 982 846 310 236 384 557 0 0
Marion 0 0 876 457 153 121 168 347 667 0 0
Mariska 1000 0 0 0 0 671 134 76 116 353 0
Marissa 999 0 0 0 0 0 0 0 384 425 760
Marit 998 0 0 0 0 0 833 473 288 100 83
Marius 59 205 196 204 200 248 422 529 658 873 841
Mariëlle 997 0 0 0 0 0 204 190 236 565 0
Mariëtte 996 952 951 981 845 573 513 868 840 0 0
Marja 995 0 0 597 188 168 440 680 0 0 0
Marjan 994 0 0 609 272 176 197 308 803 0 0
Marjanne 993 0 0 927 495 514 804 0 0 0 0
Marjo 992 0 0 0 865 765 0 0 0 0 0
Marjolein 991 0 0 905 571 197 171 75 92 308 823
Marjolijn 990 0 0 836 548 455 524 346 688 0 0
Marjon 989 0 0 0 780 393 362 425 825 0 0
Mark 988 874 0 0 979 272 59 9 7 61 247
Marko 987 0 0 0 0 0 656 911 0 0 0
Markus 986 873 818 904 978 629 299 365 643 0 0
Marleen 985 0 0 0 999 638 342 138 162 310 840
Marlene 984 0 0 777 806 735 0 0 0 0 0
Marlies 983 0 0 0 0 875 466 261 364 788 0
Marloes 982 0 0 0 0 0 640 85 83 259 899
Marlon 981 0 0 0 0 917 686 763 824 974 0
Marlou 980 0 0 0 0 0 0 0 474 742 0
Marlous 979 0 0 0 0 0 0 496 771 0 0
Marnix 978 0 0 0 0 0 664 570 577 444 696
Marretje 198 453 483 575 661 835 0 0 0 0 0
Marrigje 175 246 301 334 400 532 856 891 0 0 0
Marrit 977 0 0 0 0 0 0 0 910 840 822
Marsha 976 0 0 0 0 0 0 832 0 0 0
Mart 975 0 0 0 0 0 0 0 592 291 387
Marten 974 187 188 211 223 295 361 441 505 598 785
Martha 197 100 94 96 100 144 267 477 712 939 982
Martien 973 872 731 660 653 670 0 0 0 0 0
Martijn 972 0 0 0 0 817 87 8 19 46 288
Martin 971 360 308 251 163 84 66 74 179 469 784
Martina 150 90 91 91 90 108 179 321 456 872 0
Martine 970 747 786 810 660 428 164 115 259 656 0
Martinus 25 45 39 37 38 35 51 84 153 365 759
Martje 159 213 263 267 389 513 741 831 0 0 0
Marvin 969 0 0 0 0 0 968 405 256 443 956
Mary 968 415 348 365 289 436 663 0 0 0 0
Maryam 967 0 0 0 0 0 0 0 909 0 530
Mascha 966 0 0 0 0 0 429 432 0 0 0
Mason 965 0 0 0 0 0 0 0 0 0 445
Matheus 964 328 281 283 294 319 542 734 0 0 0
Mathias 963 342 269 229 266 392 803 0 0 0 0
Mathieu 102 319 364 322 455 669 802 733 0 0 0
Mathijs 101 373 320 312 380 435 523 327 243 192 260
Mathilda 297 219 181 192 216 312 598 0 0 0 0
Mathilde 232 357 421 402 412 466 587 816 932 871 821
Mats 962 0 0 0 0 0 0 0 871 284 85
Mattheus 100 233 238 278 276 358 501 569 728 0 0
Matthew 961 0 0 0 0 0 0 0 839 691 635
Matthias 960 746 785 809 914 916 0 762 572 538 482
Matthieu 959 0 0 0 0 0 0 0 0 0 0
Matthijs 958 291 280 319 316 424 378 155 136 102 189
Maud 957 687 700 869 913 874 788 538 291 80 36
Maureen 956 0 0 0 844 553 306 459 556 372 721
Maurice 955 801 817 980 937 423 93 108 194 304 859
Maurits 954 403 657 741 805 858 512 437 405 352 350
Mauro 953 0 0 0 0 0 0 0 0 919 661
Max 952 341 420 518 537 692 911 804 161 8 32
Maxim 951 0 0 0 0 0 0 0 823 639 438
Maxime 950 0 0 0 0 0 0 0 341 265 783
Maximiliaan 949 627 730 792 824 0 0 0 991 646 0
Maya 948 0 0 0 0 0 0 0 0 0 510
Mayke 947 0 0 0 0 0 0 948 990 870 0
Mechelina 296 475 482 565 609 791 0 0 0 0 0
Mees 946 871 988 0 0 0 0 0 0 159 43
Megan 945 0 0 0 0 0 0 0 822 267 317
Mehmet 944 0 729 456 494 349 308 398 473 537 509
Meike 943 0 0 0 0 0 0 689 614 185 147
Meindert 942 351 347 408 451 547 757 910 0 0 0
Meine 941 711 699 835 882 0 0 0 0 0 0
Melanie 940 951 896 0 0 0 377 171 105 123 553
Melisa 939 0 0 0 0 0 0 0 0 765 758
Melissa 938 0 0 0 0 0 0 288 49 58 283
Melle 937 870 801 903 998 0 0 0 0 574 269
Mels 936 0 0 0 0 0 0 0 0 0 695
Melvin 935 0 0 0 0 0 889 409 177 232 584
Menno 934 710 645 693 560 362 215 180 255 220 494
Merel 933 0 0 0 0 0 868 292 130 59 121
Merijn 932 0 0 0 0 0 0 666 727 442 340
Merle 931 0 0 0 0 0 0 0 896 416 306
Merlijn 930 0 0 0 0 0 0 0 0 612 481
Mert 929 0 0 0 0 0 0 0 0 597 552
Merve 928 0 0 0 0 0 0 0 703 548 0
Meryem 927 950 0 0 0 0 0 890 870 899 703
Meta 926 599 644 659 714 897 988 0 0 0 0
Metin 925 0 0 0 0 0 888 0 0 0 0
Metje 295 347 388 479 585 764 0 0 0 0 0
Mette 924 0 0 0 0 0 0 0 0 672 335
Mia 923 837 754 762 0 0 0 0 0 0 486
Micha 922 0 0 0 0 0 855 594 0 804 431
Michael 99 745 556 447 301 159 73 40 17 105 369
Michaël 921 709 577 638 436 258 275 358 382 886 932
Michel 920 744 712 692 536 172 37 33 96 330 918
Michelle 919 0 0 0 0 0 461 236 29 50 281
Michiel 918 283 316 269 271 203 115 59 112 264 589
Michèle 917 0 0 0 0 0 854 0 0 0 0
Mick 916 0 0 0 0 0 0 0 497 260 174
Mieke 915 911 913 808 529 447 551 312 472 869 858
Miguel 914 0 0 0 0 0 0 966 0 993 857
Mijntje 294 626 698 807 0 0 0 0 0 0 820
Mika 913 0 0 0 0 0 0 0 0 277 159
Mike 912 0 0 0 0 0 328 227 45 30 118
Mila 911 0 0 0 0 0 0 0 0 345 54
Milan 910 0 0 0 0 0 0 0 513 109 4
Mildred 909 0 950 868 608 751 967 0 0 0 0
Milo 908 0 0 0 0 0 0 0 0 764 395
Milou 907 0 0 0 0 0 0 0 181 199 114
Mimoun 906 0 0 727 997 816 717 0 0 0 0
Mina 293 300 323 413 512 586 817 0 0 0 807
Minke 905 493 447 549 570 750 816 724 790 732 485
Mira 904 0 0 0 0 0 0 0 0 0 694
Miranda 903 0 0 0 0 352 49 47 178 741 0
Mireille 902 0 0 0 0 0 222 382 642 0 0
Mirella 901 0 0 0 0 0 541 355 0 0 0
Miriam 900 0 0 979 741 444 210 245 427 779 0
Mirjam 899 949 987 953 484 165 79 65 205 462 819
Mirte 898 0 0 0 0 0 0 0 754 435 361
Mirthe 897 0 0 0 0 0 0 0 753 313 165
Mischa 896 0 0 0 0 0 756 679 973 857 981
Mitch 895 0 0 0 0 0 0 0 496 581 730
Mitchel 894 0 0 0 0 0 0 0 312 294 720
Mitchell 893 0 0 0 0 0 0 0 189 186 625
Mohamed 892 708 319 139 158 129 106 129 138 127 125
Mohammad 891 0 831 776 517 499 611 761 676 938 729
Mohammed 890 869 816 564 475 427 419 431 306 207 160
Monica 889 836 949 775 306 77 107 404 438 856 0
Moniek 888 0 0 0 0 0 0 392 329 937 0
Monika 887 0 0 806 843 815 597 854 0 0 0
Monique 886 0 986 888 391 43 5 18 154 650 0
Morris 885 0 0 0 0 0 0 0 0 671 253
Mounir 884 0 0 0 0 0 0 0 0 0 0
Mourad 883 0 0 0 0 0 0 933 0 0 0
Muhammed 882 0 0 0 0 0 0 0 821 478 325
Murat 881 0 0 0 0 0 578 418 666 0 0
Mustafa 880 0 875 596 685 388 335 388 399 527 520
Mustapha 879 0 0 0 977 734 685 815 0 0 0
Myra 878 0 0 0 0 0 966 0 0 0 0
Myrna 877 0 0 978 936 0 0 0 746 0 0
Myrthe 876 0 0 0 0 0 0 708 262 114 158
Nabil 875 0 0 0 0 0 0 0 0 0 0
Nada 874 0 0 0 0 0 0 0 0 973 693
Nadia 873 0 0 0 0 896 596 279 231 343 610
Nadine 872 0 0 0 0 0 0 354 223 312 480
Naima 871 0 0 0 0 0 787 659 0 0 0
Najat 870 0 0 0 0 0 987 610 0 0 0
Nancy 869 835 815 834 779 401 111 130 324 754 0
Nanda 868 948 0 952 0 814 577 411 855 0 0
Nanne 867 743 874 902 996 0 0 0 0 0 0
Naomi 866 0 0 0 0 0 0 345 143 35 55
Nassim 865 0 0 0 0 0 0 0 0 992 692
Natalie 864 0 0 0 0 0 376 333 745 0 0
Natascha 863 0 0 0 0 0 194 188 320 820 0
Natasha 862 0 0 0 0 0 940 965 869 0 0
Natasja 861 0 0 0 0 0 108 125 246 547 0
Nathalie 860 930 0 0 0 0 123 94 101 242 634
Nathan 859 0 0 0 0 0 0 0 591 364 186
Neeltje 48 41 48 54 70 110 206 276 377 485 502
Nelleke 858 0 0 0 0 0 0 853 957 0 0
Nellie 857 610 446 401 516 834 0 0 0 0 0
Nelly 196 168 156 144 198 391 965 0 0 0 0
Nena 856 0 0 0 0 0 0 0 0 868 624
Nick 855 0 0 0 0 0 0 330 28 15 52
Nicky 854 0 0 0 0 0 0 0 328 429 0
Nico 852 389 363 329 331 329 371 380 455 819 0
Nicolaas 28 36 36 39 39 46 96 173 191 387 674
Nicolas 851 0 873 0 0 0 0 0 0 0 0
Nicole 850 0 0 0 976 254 61 63 70 226 644
Nicolette 849 868 985 977 699 374 243 504 895 0 0
Nicoline 848 783 872 976 842 474 534 744 0 0 0
Nicolle 847 0 0 0 0 0 832 889 0 0 0
Niek 846 0 0 0 0 0 0 351 193 128 127
Niels 845 867 0 0 0 956 256 43 26 12 58
Nienke 844 0 0 0 0 833 492 146 131 84 97
Niesje 231 393 445 478 528 857 0 0 0 0 0
Nigel 843 0 0 0 0 0 0 0 540 380 497
Nikita 842 0 0 0 0 0 0 0 491 283 529
Nikki 841 0 0 0 0 0 0 0 195 113 84
Nils 840 0 0 0 0 0 0 688 665 573 493
Nina 839 824 984 0 0 0 0 476 196 54 56
Nino 838 0 0 0 0 0 0 0 989 377 643
Noa 837 0 0 0 0 0 0 0 0 89 28
Noah 836 0 0 0 0 0 0 0 0 126 41
Noor 835 0 0 0 0 0 0 0 0 329 73
Noortje 834 0 0 0 0 0 0 440 450 360 267
Nora 833 598 545 672 823 0 0 830 719 441 112
Norah 832 0 0 0 0 0 0 0 0 0 218
Norbert 831 866 0 0 0 955 540 947 0 0 0
Norbertus 830 865 711 774 804 691 939 0 0 0 0
Noud 829 0 0 0 0 0 0 0 0 753 204
Noureddine 828 0 0 0 0 0 0 0 0 0 0
Nout 827 0 0 0 0 0 0 0 0 0 397
Nova 826 0 0 0 0 0 0 0 0 699 188
Noël 825 0 0 0 0 0 0 0 0 839 719
Noëlle 824 0 0 0 0 0 0 0 854 434 402
Nynke 823 0 0 0 0 0 632 377 385 307 275
Odette 822 0 0 0 0 0 610 0 0 0 0
Odilia 230 782 728 761 713 832 0 0 0 0 0
Olaf 821 0 0 0 0 618 274 403 651 468 508
Olav 820 0 0 0 0 0 928 0 0 0 980
Ole 98 0 0 0 0 0 0 0 0 838 595
Olga 229 372 398 295 206 351 394 436 931 0 0
Oliver 819 0 0 0 0 0 0 0 0 0 666
Olivia 818 0 0 0 0 0 0 0 0 898 142
Olivier 817 0 0 0 0 0 986 723 604 269 123
Omar 816 0 983 850 975 831 728 678 590 564 546
Onno 97 864 800 760 633 443 387 491 908 0 0
Orhan 815 0 0 0 0 0 0 0 0 0 0
Orlando 814 0 0 0 0 0 0 0 0 0 0
Oscar 813 800 799 901 935 504 302 428 525 467 353
Osman 812 0 0 975 0 790 910 932 0 0 0
Otto 96 226 230 234 314 381 491 743 0 0 873
Oumaima 811 0 0 0 0 0 0 0 0 536 782
Oussama 810 0 0 0 0 0 0 0 0 709 0
Owen 809 0 0 0 0 0 0 0 0 458 222
Pamela 808 0 0 0 0 0 927 564 664 0 0
Pascal 807 0 0 0 0 0 143 93 173 292 701
Pascale 806 0 0 0 0 0 506 0 0 0 0
Pascalle 805 0 0 0 0 0 853 0 972 763 0
Patricia 804 0 982 833 367 141 56 28 134 655 0
Patricius 803 0 0 0 0 0 621 0 0 0 0
Patrick 802 0 0 0 864 323 26 10 25 111 660
Patty 801 0 0 0 0 0 0 760 416 0 0
Paul 800 172 152 125 86 60 58 39 74 303 757
Paula 799 322 277 237 225 212 257 297 442 731 0
Paulien 798 0 0 0 0 0 655 447 512 855 0
Paulina 292 136 148 132 128 155 305 658 956 0 0
Pauline 291 530 626 517 399 224 228 301 323 654 0
Paulus 797 114 112 97 55 42 88 197 340 918 0
Pedro 796 0 948 0 0 0 0 0 0 0 0
Peggy 795 910 947 0 712 628 347 367 894 0 0
Pelle 794 0 0 0 0 0 0 0 0 917 609
Pepijn 793 0 0 0 0 0 909 525 603 191 102
Perry 792 0 0 0 0 0 887 0 838 0 0
Peter 58 62 50 40 27 14 11 13 57 211 528
Petra 791 0 853 759 439 97 41 70 269 837 0
Petronella 26 20 21 22 22 20 29 109 242 554 979
Petrus 27 17 14 12 12 10 17 61 137 402 856
Philip 790 578 643 707 593 565 576 635 566 546 492
Philippe 789 0 0 0 0 0 0 0 0 0 0
Philippus 57 239 262 318 366 479 801 0 0 0 0
Philomena 788 478 467 477 527 733 0 0 0 0 0
Pien 787 0 0 0 0 0 0 0 0 266 192
Pier 786 422 612 691 863 0 0 0 0 0 0
Pierre 785 275 258 299 344 485 740 0 0 0 0
Piet 784 204 176 206 269 409 800 985 0 0 0
Pieter 5 10 12 14 15 23 25 26 47 75 120
Pieternella 52 63 69 73 89 131 221 376 524 778 898
Pietertje 174 116 166 218 305 484 831 0 0 0 0
Pietje 158 165 177 212 313 465 830 0 0 0 0
Pietronella 290 452 425 540 652 856 0 0 0 0 0
Pim 783 0 0 0 0 915 703 320 150 134 151
Pleun 782 0 0 0 0 0 0 0 0 409 324
Priscilla 781 0 0 0 0 0 778 223 114 363 897
Puck 780 0 0 0 0 0 0 0 687 239 182
Quincy 779 0 0 0 0 0 0 0 628 509 872
Quinn 778 0 0 0 0 0 0 0 0 897 225
Quint 777 0 0 0 0 0 0 0 0 885 594
Quinten 776 0 0 0 0 0 0 0 789 149 115
Quinty 775 0 0 0 0 0 0 0 0 227 237
Quirinus 774 504 601 726 778 954 0 0 0 0 0
Rabia 773 0 0 0 0 0 0 0 0 896 978
Rachel 289 597 710 951 0 0 465 296 250 197 507
Rachelle 772 0 0 0 0 0 0 0 511 563 0
Rachid 771 0 0 0 0 0 539 383 576 0 0
Rachida 770 0 0 0 0 953 676 495 0 0 0
Raf 769 0 0 0 0 0 0 0 0 0 364
Rafael 768 1000 0 0 0 0 0 0 0 0 437
Rafaël 767 0 0 0 0 0 0 0 0 972 768
Raimond 766 0 0 0 0 0 662 759 0 0 0
Ralf 765 0 0 0 0 0 799 303 621 0 0
Ralph 764 999 981 0 995 830 327 187 339 562 623
Ramazan 763 0 0 0 0 895 852 984 0 0 0
Ramon 762 0 0 0 974 0 291 216 221 256 608
Ramona 761 0 0 0 0 0 985 231 404 0 0
Randy 760 0 0 0 0 0 0 503 343 580 0
Raoul 759 0 0 0 0 0 654 554 547 517 880
Raphaël 758 0 0 0 0 0 0 0 0 0 977
Ravi 757 0 0 0 0 0 0 0 0 0 396
Rayan 756 0 0 0 0 0 0 0 0 0 168
Raymon 755 0 0 0 0 0 0 687 711 953 0
Raymond 754 742 895 832 454 215 80 91 235 633 0
Rebecca 753 823 912 0 0 0 631 300 272 302 535
Redouan 752 0 0 0 0 0 0 0 837 952 955
Regina 228 279 199 220 215 226 266 524 820 0 0
Reginald 751 0 946 974 758 873 0 0 0 0 0
Reijer 750 541 518 620 698 894 0 0 0 0 0
Rein 749 540 642 758 777 952 0 0 0 0 743
Reina 288 321 397 358 410 519 716 0 0 0 0
Reinder 748 290 247 294 309 416 550 722 0 0 0
Reindert 95 539 697 658 697 872 0 0 0 0 0
Reinier 94 216 261 259 265 235 317 379 449 708 855
Reinoud 747 0 0 0 0 0 0 0 0 0 0
Reinout 746 998 0 0 0 0 0 0 0 0 917
Reint 745 503 682 805 862 0 0 0 0 0 0
Reintje 287 468 456 487 607 855 0 0 0 0 0
Remco 744 0 0 0 0 491 100 52 76 142 593
Remi 743 997 0 0 0 0 0 867 955 0 0
Remko 742 0 911 0 0 854 346 293 893 0 0
Remon 741 0 0 0 0 0 908 568 744 0 0
Remy 740 0 0 0 0 0 886 513 379 854 0
Renata 739 0 0 0 0 649 460 758 0 0 0
Renate 738 0 871 529 711 415 142 150 283 611 0
Renatus 737 0 0 0 0 531 639 0 0 0 0
Rene 736 0 0 0 0 0 0 983 0 0 0
Renee 735 0 0 0 0 0 0 0 702 725 0
Renier 734 707 696 725 841 853 0 0 0 0 0
Rens 733 0 0 0 0 0 0 648 266 152 141
Renske 227 443 517 511 511 610 620 277 261 233 207
Renze 732 799 870 950 0 0 0 0 0 0 0
Renzo 731 0 0 0 0 0 0 0 0 561 545
René 730 625 437 277 115 37 30 68 152 590 0
Renée 729 863 784 646 405 336 715 494 239 300 728
Ria 728 0 852 400 375 503 885 0 0 0 0
Rianne 727 0 0 0 0 0 702 221 111 223 622
Ricardo 726 0 0 0 0 564 444 280 104 177 621
Richard 725 371 260 276 160 69 10 21 65 290 839
Richardus 724 624 611 690 684 512 701 0 0 0 0
Rick 723 0 0 0 0 0 884 214 24 13 144
Ricky 722 0 0 0 0 0 0 647 347 853 0
Rico 721 0 0 0 0 0 0 0 551 447 871
Rienk 720 577 753 773 912 0 0 0 0 0 0
Rijk 719 388 466 499 606 763 964 0 0 0 691
Rik 718 0 0 0 0 0 0 357 164 133 334
Rika 717 380 376 431 617 789 0 0 0 0 0
Rinske 716 402 444 510 559 732 907 732 971 0 0
Rinze 715 798 681 630 822 0 0 0 0 0 0
Rita 714 768 641 399 298 344 684 0 0 0 0
Roald 713 0 0 0 0 0 0 0 0 0 0
Roan 712 0 0 0 0 0 0 0 0 433 117
Rob 711 0 945 689 584 253 207 86 103 301 931
Robbert 710 623 576 430 445 328 282 224 163 464 0
Robbie 709 0 0 0 0 0 798 528 718 0 0
Robbin 708 0 0 0 0 0 0 0 426 670 954
Robby 707 996 0 688 583 660 786 852 0 0 0
Robert 706 222 120 45 29 16 9 14 34 163 501
Robert-Jan 705 0 0 0 0 0 0 888 0 0 0
Roberto 704 0 0 0 0 518 522 646 743 0 0
Robertus 703 576 511 236 114 49 71 181 378 0 0
Robin 702 0 0 0 0 0 0 0 209 101 180
Roderick 700 0 0 0 0 0 984 645 613 0 0
Rodney 699 0 0 0 0 0 938 964 752 916 0
Rody 698 0 0 0 0 0 0 0 0 971 0
Roel 697 538 814 831 840 749 401 142 157 275 506
Roeland 696 862 763 830 558 400 436 446 620 0 0
Roelf 695 267 296 357 374 490 683 0 0 0 0
Roelfien 694 529 476 584 710 871 0 0 0 0 0
Roelfina 286 492 555 583 616 788 0 0 0 0 0
Roelof 34 71 80 80 83 96 131 207 302 526 742
Roelofje 226 232 191 233 279 406 700 0 0 0 0
Roger 693 0 851 949 911 464 169 395 770 0 0
Rogier 692 0 0 0 0 893 279 165 372 649 930
Roland 691 994 894 772 493 194 137 241 454 0 0
Rolf 690 797 830 757 740 627 557 488 717 0 0
Roman 689 861 0 0 0 0 0 0 0 0 806
Romana 688 0 0 0 0 0 0 0 802 991 0
Romano 687 0 0 0 0 0 0 0 742 632 708
Romeo 686 0 0 0 0 892 0 0 0 0 0
Romke 685 741 762 849 994 0 0 0 0 0 0
Romy 684 0 0 0 0 0 0 946 200 28 111
Romée 683 0 0 0 0 0 0 0 0 610 620
Ron 682 0 0 0 0 0 0 458 392 0 0
Ronald 681 993 404 163 62 22 13 31 145 505 0
Ronaldus 680 0 0 0 632 181 288 0 0 0 0
Ronnie 679 0 0 0 0 731 230 251 589 0 0
Ronny 678 0 0 0 672 337 181 387 853 0 0
Roos 677 0 0 0 0 0 0 0 335 96 34
Roosmarijn 676 0 0 0 0 0 0 0 0 915 805
Rosa 173 575 366 398 388 463 851 593 346 190 194
Rosalia 285 442 465 463 510 748 0 0 0 0 0
Rosalie 675 767 813 900 958 0 0 609 376 218 131
Rosanne 674 0 0 0 0 0 0 829 253 358 452
Rose 673 929 869 887 933 0 0 0 0 0 896
Rosemarie 672 0 980 756 861 951 983 0 0 0 0
Rosita 671 0 0 0 860 572 675 866 0 0 0
Rowan 670 0 0 0 0 0 0 0 602 351 363
Rowena 669 0 0 0 0 0 0 945 518 740 838
Rowin 668 0 0 0 0 0 0 0 0 914 953
Roxanne 667 0 0 0 0 0 0 0 258 645 854
Roy 666 0 0 926 325 367 163 53 22 83 381
Rozemarijn 665 0 0 0 0 0 0 782 751 724 727
Ruben 664 0 0 0 957 787 412 160 66 29 15
Ruby 663 0 0 0 0 0 0 0 741 504 619
Rudi 662 706 670 425 417 238 326 608 0 0 0
Rudolf 93 163 125 78 66 50 120 256 461 0 0
Rudolfus 661 860 979 0 0 690 0 0 0 0 0
Rudolph 660 401 436 476 450 422 850 0 0 0 0
Rudolphus 659 656 742 755 557 473 982 0 0 0 0
Rudy 658 796 695 608 492 348 432 356 750 0 0
Rutger 657 705 669 804 776 829 485 201 214 245 519
Ruth 656 680 592 706 631 626 575 457 657 620 756
Ruud 655 0 0 0 0 950 653 210 188 698 0
Ruurd 654 704 600 671 605 689 0 0 0 0 0
Ryan 653 0 0 0 0 0 0 865 481 154 67
Rémon 652 0 0 0 0 0 0 0 0 0 0
Saar 651 0 0 0 0 0 0 0 0 0 93
Sabina 650 834 0 0 0 949 619 435 769 0 0
Sabine 649 0 0 0 0 625 192 127 146 235 690
Sabrina 648 0 0 0 0 0 867 163 208 572 916
Sacha 647 0 0 0 0 0 490 721 988 516 767
Said 646 0 0 0 0 786 439 585 852 0 0
Saida 645 0 0 0 0 0 699 686 0 0 0
Sake 644 795 727 754 821 0 0 0 0 0 0
Salih 643 0 0 0 0 0 0 0 0 0 0
Salma 642 0 0 0 0 0 0 0 0 707 563
Sam 641 0 0 0 0 0 0 0 0 225 264
Samantha 639 0 0 0 0 0 815 307 55 194 562
Sami 638 0 0 0 0 0 0 0 0 0 386
Samir 637 0 0 0 0 0 0 584 641 762 0
Samira 636 0 0 0 0 0 698 287 370 669 0
Samuel 635 421 668 724 803 891 0 851 612 276 191
Samuël 634 0 0 0 0 0 0 0 0 852 576
Sander 633 622 680 829 839 648 117 20 21 36 183
Sandra 632 0 0 0 910 143 15 17 95 457 0
Sandy 631 0 0 0 0 0 360 386 650 0 0
Sanne 630 0 0 0 0 0 0 134 12 2 23
Sara 172 155 209 282 379 517 630 402 281 130 31
Sarah 629 909 0 0 0 0 0 311 182 99 47
Sarina 628 0 0 0 0 0 0 0 868 0 0
Sascha 627 0 0 0 0 0 849 828 701 609 870
Saskia 626 0 0 886 390 130 54 36 121 362 929
Scott 625 0 0 0 0 0 0 0 0 690 673
Sean 624 0 0 0 0 0 0 0 675 668 818
Sebastiaan 623 0 783 867 973 647 214 48 80 146 252
Sebastian 622 0 0 0 0 0 0 592 601 697 650
Sebastianus 621 703 679 740 775 890 963 0 0 0 0
Selena 620 0 0 0 0 0 0 0 0 851 607
Selina 619 0 0 0 0 0 0 0 749 477 451
Selma 618 928 868 973 881 828 595 490 663 777 681
Sem 617 0 0 0 0 0 0 0 930 72 2
Semih 616 0 0 0 0 0 0 0 0 0 633
Senn 615 0 0 0 0 0 0 0 0 0 336
Senna 614 0 0 0 0 0 0 0 0 631 287
Senne 612 0 0 0 0 0 0 0 0 0 569
Sep 611 0 0 0 0 0 0 0 0 0 352
Sepp 610 0 0 0 0 0 0 0 0 0 316
Serena 609 0 0 0 0 0 0 0 674 608 781
Serge 608 992 0 0 0 0 386 607 0 0 0
Sergio 607 991 0 0 0 0 0 840 836 0 0
Seth 606 0 0 0 0 0 0 0 0 0 378
Shane 605 0 0 0 0 0 0 0 0 0 726
Shanna 604 0 0 0 0 0 0 0 627 787 0
Shannon 603 0 0 0 0 0 0 0 523 406 0
Sharon 602 0 0 0 0 0 438 184 68 121 780
Sharona 601 0 0 0 0 0 0 0 415 571 0
Sheila 600 927 0 0 0 0 674 677 835 0 0
Shirley 599 0 0 0 859 442 350 385 237 446 0
Sidney 598 0 0 0 0 0 0 0 0 836 853
Siebe 597 574 610 723 757 889 0 0 0 706 544
Siebren 596 702 850 866 956 0 0 0 0 0 0
Siem 595 0 0 0 0 0 0 0 0 560 104
Siemen 594 794 812 948 0 0 0 0 0 0 0
Sietse 593 621 752 791 838 985 0 803 740 681 779
Sietske 284 350 357 372 378 472 629 487 649 884 0
Sietze 592 655 554 637 739 870 0 0 0 0 0
Sigrid 591 0 0 0 0 0 451 634 929 913 0
Siham 590 0 0 0 0 0 0 0 611 850 0
Sijbren 589 654 524 722 909 0 0 0 0 0 0
Sijke 283 502 510 629 802 984 0 0 0 0 0
Sijmen 588 701 811 865 955 0 0 0 0 0 0
Sijtske 225 365 408 455 592 983 0 0 0 0 0
Sijtze 587 620 678 670 671 948 0 0 0 0 0
Sil 586 0 0 0 0 0 0 0 0 456 234
Silke 585 0 0 0 0 0 0 0 788 296 233
Silvan 584 0 0 0 0 0 0 0 0 0 689
Silvana 583 0 0 0 0 0 0 0 700 990 0
Silvester 582 740 0 0 0 0 0 0 0 0 0
Silvia 581 859 944 864 651 234 156 259 583 0 0
Simon 33 79 90 94 112 149 220 212 201 162 153
Simone 580 947 0 925 501 233 90 103 78 168 603
Sipke 579 420 544 528 650 852 0 0 0 0 0
Sjoerd 56 200 246 266 262 309 298 137 115 129 258
Sjors 578 0 0 0 0 0 0 583 311 401 551
Sjouke 577 537 640 657 801 888 0 0 0 0 0
Sjoukje 282 289 300 316 365 414 538 633 892 0 0
Sofia 576 781 910 0 0 0 0 0 0 912 293
Sofie 575 0 0 0 0 0 0 0 571 273 80
Sonja 281 491 318 176 129 128 114 194 699 0 0
Sonny 574 990 0 0 0 0 0 0 662 0 0
Sophia 83 96 105 122 136 199 301 467 446 376 196
Sophie 224 645 709 803 993 0 0 512 158 51 3
Soraya 573 0 0 0 0 0 0 757 371 508 518
Soufiane 572 0 0 0 0 0 0 0 0 911 976
Stacey 571 0 0 0 0 0 0 0 819 895 606
Stan 570 0 0 0 0 0 0 0 460 67 82
Stanley 569 858 943 863 774 707 785 0 867 0 0
Stef 568 0 0 0 0 0 0 931 349 180 201
Stefan 567 857 0 0 0 851 149 62 16 78 312
Stefanie 280 0 0 0 0 0 586 369 207 667 0
Stefano 566 0 0 0 0 0 0 0 928 739 852
Stefanus 565 856 893 0 0 706 454 502 565 0 0
Steffen 564 739 978 0 0 0 0 0 0 0 0
Stein 563 0 0 0 0 0 0 0 0 951 755
Stella 562 855 942 0 800 637 739 0 0 818 412
Sten 561 0 0 0 0 0 0 0 0 644 475
Stephan 560 989 909 0 0 705 249 183 129 445 0
Stephanie 279 766 892 972 0 0 472 248 61 428 895
Stephanus 559 370 354 371 337 282 331 644 954 0 0
Stephen 558 0 0 0 0 0 866 0 927 0 0
Sterre 557 0 0 0 0 0 0 0 0 135 128
Steve 556 0 0 0 0 0 0 0 970 0 0
Steven 92 318 344 383 386 341 193 158 117 209 491
Stientje 555 419 475 595 709 947 0 0 0 0 0
Stijn 554 0 0 0 0 0 0 456 219 43 20
Stijntje 278 356 342 393 535 762 0 0 0 0 0
Storm 553 0 0 0 0 0 0 0 0 752 373
Stéphanie 552 0 0 0 0 0 0 0 490 0 0
Susan 551 0 0 0 954 946 334 204 294 415 766
Susanna 223 140 163 180 220 281 370 501 710 0 0
Susanne 550 908 977 0 0 668 225 126 199 466 851
Suus 549 0 0 0 0 0 0 0 0 989 227
Suzan 277 0 0 0 0 0 609 344 367 723 0
Suzanna 157 175 213 253 278 333 393 519 709 0 0
Suzanne 548 731 941 0 908 552 147 49 53 150 436
Suze 547 926 849 0 0 0 0 0 0 722 193
Sven 546 0 0 0 0 0 478 273 118 57 29
Swen 545 0 0 0 0 0 0 0 0 970 928
Sybren 544 0 0 0 0 0 0 0 0 910 915
Sylvana 543 0 0 0 0 0 0 963 403 545 997
Sylvia 542 686 639 412 170 67 70 135 352 969 0
Sylvie 541 0 0 0 0 0 0 0 0 0 718
Süleyman 540 0 0 0 0 0 0 0 0 0 0
Taco 539 854 0 0 0 945 714 814 0 0 0
Taeke 538 619 638 705 820 0 0 0 0 0 804
Talitha 537 0 0 0 0 0 0 982 708 817 0
Tamar 536 0 0 0 0 0 0 0 969 835 754
Tamara 535 925 0 0 0 0 265 51 102 258 717
Tanja 534 946 0 0 0 380 205 240 433 0 0
Tannetje 222 383 474 594 799 0 0 0 0 0 0
Tara 533 0 0 0 0 0 0 0 555 344 238
Tarik 532 0 0 0 0 0 0 930 866 730 914
Terence 531 0 0 0 0 0 0 0 0 0 0
Tess 530 0 0 0 0 0 0 0 640 173 30
Tessa 529 0 0 0 0 0 713 193 73 42 70
Tetje 276 441 523 669 773 0 0 0 0 0 0
Teun 528 988 0 0 0 0 0 606 355 136 50
Teuna 275 521 565 619 819 0 0 0 0 0 0
Teunis 527 87 76 85 104 135 208 332 398 511 550
Teuntje 221 127 138 174 209 340 594 813 926 0 803
Thea 526 696 516 309 336 413 618 0 0 0 0
Theadora 525 0 0 947 756 887 0 0 0 0 0
Theo 524 400 285 210 240 280 428 643 0 0 0
Theodoor 523 238 259 308 308 412 712 0 0 0 0
Theodora 51 53 43 42 42 56 136 424 707 0 0
Theodorus 55 32 26 25 26 31 85 230 369 680 0
Theresia 195 157 59 77 96 151 384 665 851 0 0
Theunis 522 618 599 687 738 914 0 0 0 0 0
Thi 521 924 848 848 591 399 400 475 850 0 0
Thierry 520 0 0 0 0 0 0 0 739 0 0
Thijmen 519 793 0 0 0 0 0 0 953 253 79
Thijn 518 0 0 0 0 0 0 0 0 738 280
Thijs 517 573 543 548 604 704 727 145 90 39 9
Thimo 516 0 0 0 0 0 0 0 0 643 952
Thirza 515 0 0 0 0 0 0 0 0 544 450
Thom 514 0 0 0 0 0 0 0 410 222 291
Thomas 91 146 146 135 130 140 167 83 6 1 8
Tieme 513 853 891 0 0 0 0 0 0 0 618
Tiemen 512 653 708 828 932 0 0 0 0 0 879
Ties 511 0 810 0 0 0 0 0 0 342 96
Tietje 220 358 464 467 582 869 0 0 0 0 0
Tijmen 510 572 694 704 818 944 0 756 539 299 279
Tijn 509 0 0 0 0 0 0 0 0 247 53
Tijs 508 987 847 0 0 0 0 909 968 596 286
Tim 507 0 0 0 0 0 628 111 10 3 6
Timmy 506 0 0 0 0 0 0 802 967 0 0
Timo 505 0 0 0 0 0 0 664 293 103 106
Timon 504 986 0 0 0 0 0 0 849 666 725
Timotheus 503 0 890 0 953 827 981 908 698 0 0
Timothy 502 0 0 0 0 0 980 493 249 375 716
Tine 274 528 386 354 483 730 0 0 0 0 0
Tineke 501 945 782 475 416 439 585 511 656 0 0
Tiny 500 944 908 668 670 813 0 0 0 0 0
Tirza 499 0 0 0 0 0 0 0 0 867 602
Titia 498 617 707 827 798 703 829 0 0 0 0
Tjalling 497 536 693 862 907 0 0 0 0 0 0
Tjeerd 496 369 361 370 425 450 567 500 697 866 996
Tjerk 495 477 575 703 696 826 814 801 987 0 0
Tjitske 494 268 276 302 352 387 533 657 952 0 0
Tobias 493 985 867 0 0 0 0 731 480 289 175
Tom 492 738 637 474 435 421 359 124 27 16 60
Tomas 491 984 0 0 0 0 0 0 538 689 715
Tommy 490 792 976 0 0 0 0 567 479 607 765
Ton 489 0 0 0 0 0 0 0 0 0 0
Tonia 273 490 341 379 465 729 0 0 0 0 0
Tonny 488 791 781 618 683 812 0 0 0 0 0
Tony 487 0 0 0 0 0 0 0 907 0 975
Toon 486 852 0 0 0 0 0 0 0 0 741
Trientje 194 231 248 307 377 546 883 0 0 0 0
Trijntje 32 40 45 50 60 88 173 342 537 909 913
Tristan 485 0 0 0 0 0 0 812 564 217 208
Truus 484 774 531 509 649 0 0 0 0 0 0
Twan 483 0 0 0 0 0 0 553 432 204 200
Tycho 482 0 0 0 0 0 0 0 0 325 226
Tygo 481 0 0 0 0 0 0 0 0 476 63
Ursula 272 571 574 424 615 761 397 887 0 0 0
Valentijn 480 983 0 0 0 0 0 0 0 642 251
Valerie 479 0 0 0 0 0 0 944 414 379 327
Van 478 851 907 1000 906 624 962 0 0 0 0
Vanessa 477 0 0 0 0 0 532 172 0 0 0
Veerle 476 0 0 0 0 0 0 0 486 213 163
Vera 475 679 530 498 411 438 500 282 168 87 99
Veronica 474 527 481 417 242 232 627 839 0 0 0
Veronique 473 0 0 0 0 0 652 537 582 865 912
Victor 472 387 455 423 415 371 418 462 363 309 401
Victoria 471 923 940 971 972 0 0 0 0 936 561
Viggo 470 0 0 0 0 0 0 0 0 0 500
Vince 469 0 0 0 0 0 0 0 0 515 155
Vincent 468 737 975 999 837 462 141 55 64 120 351
Vincentius 467 736 866 847 581 366 626 981 0 0 0
Virginia 466 850 906 970 817 0 0 0 0 0 0
Vivian 465 0 0 0 0 982 521 423 409 579 894
Walid 464 0 0 0 0 0 0 0 0 968 778
Walter 463 652 412 328 426 267 238 375 686 0 0
Waltherus 462 570 553 497 556 609 979 0 0 0 0
Wanda 461 765 974 969 772 728 556 552 0 0 0
Ward 460 0 0 0 0 0 0 0 906 803 951
Wendelina 459 849 829 826 971 943 961 0 0 0 0
Wendy 458 0 0 0 0 727 86 12 60 316 777
Werner 457 735 798 645 816 636 427 576 891 0 0
Wesley 456 0 0 0 0 0 0 220 44 77 211
Wessel 455 501 741 656 737 825 906 781 375 116 167
Wicher 454 700 726 802 931 0 0 0 0 0 0
Wiebe 453 386 373 369 438 511 697 720 834 864 764
Wieger 90 569 636 702 836 942 0 0 0 0 0
Wieke 452 0 0 0 0 0 0 0 0 0 995
Wietse 451 699 809 885 930 981 0 780 890 950 0
Wietske 271 410 346 378 404 461 584 546 716 949 0
Wietze 450 651 706 686 797 941 0 0 0 0 0
Wijnand 449 451 403 496 491 596 625 676 0 0 0
Wijnanda 448 520 522 563 534 688 0 0 0 0 0
Wijtske 193 450 552 636 771 0 0 0 0 0 0
Wilbert 447 0 0 0 0 0 797 907 0 0 0
Wilco 446 982 0 0 0 886 520 445 554 935 0
Wilfred 445 981 889 899 880 785 459 697 0 0 0
Wilfried 444 790 0 924 970 850 848 0 0 0 0
Wilhelm 443 147 153 166 227 316 531 929 0 0 0
Wilhelmina 11 11 10 9 10 11 27 87 172 366 560
Wilhelmus 24 21 18 15 14 15 38 121 227 494 0
Willebrordus 442 399 435 508 614 980 0 0 0 0 0
Willeke 441 0 0 0 0 0 738 675 738 0 0
Willem 8 8 9 10 11 13 19 23 35 63 86
Willemien 440 678 780 846 905 0 0 0 0 0 0
Willemijn 439 0 0 0 0 0 978 444 423 386 474
Willemijntje 192 198 214 250 330 489 828 0 0 0 0
Willemina 82 65 66 72 82 118 191 350 471 737 878
Willemke 438 449 443 495 603 811 0 0 0 0 0
Willempje 156 143 172 189 253 434 726 906 0 0 0
Willemtje 219 467 454 607 695 0 0 0 0 0 0
William 437 568 542 685 482 471 417 408 546 619 672
Willibrordus 436 848 598 364 350 470 0 0 0 0 0
Willie 435 847 740 655 770 0 0 0 0 0 0
Willy 434 327 268 247 385 687 0 0 0 0 0
Wilma 432 907 797 606 304 132 248 474 0 0 0
Wim 431 734 564 363 324 359 566 811 966 0 0
Winston 430 0 0 0 0 0 0 0 0 0 0
Wolter 429 368 322 411 449 537 777 0 0 0 0
Wout 428 0 0 0 0 0 0 0 706 405 271
Wouter 89 110 136 131 131 156 145 41 32 56 230
Wouterus 427 650 597 667 708 885 0 0 0 0 0
Xander 426 0 0 0 0 0 926 656 768 385 400
Xavi 425 0 0 0 0 0 0 0 0 0 292
Xavier 424 0 0 0 0 0 0 0 0 948 649
Yannick 423 0 0 0 0 0 0 0 354 208 311
Yara 422 0 0 0 0 0 0 0 737 341 105
Yasemin 421 0 0 0 0 0 0 886 889 0 0
Yasin 420 0 0 0 0 0 0 0 833 863 714
Yasmin 419 0 0 0 0 0 0 0 888 559 444
Yasmina 418 0 0 0 0 0 0 0 0 491 592
Yasmine 417 0 0 0 0 0 0 0 0 398 355
Yassin 416 0 0 0 0 0 0 0 0 934 543
Yassine 415 0 0 0 0 0 0 0 600 392 542
Yassir 414 0 0 0 0 0 0 0 0 0 648
Yfke 413 0 0 0 0 0 0 0 0 0 304
Yoeri 412 0 0 0 0 0 0 0 696 834 0
Yolanda 411 0 0 0 526 198 314 885 0 0 0
Yolande 410 0 0 0 755 585 0 0 0 0 0
Yoran 409 0 0 0 0 0 0 0 0 802 950
Yorick 408 0 0 0 0 0 0 0 599 665 949
Younes 407 0 0 0 0 0 0 0 965 618 499
Youri 406 0 0 0 0 0 0 707 431 144 377
Youssef 405 0 0 0 0 0 865 623 639 648 473
Youssra 404 0 0 0 0 0 0 0 0 391 776
Yunus 403 0 0 0 0 0 0 0 0 0 0
Yuri 402 0 0 0 0 0 0 719 848 0 850
Yusuf 401 0 973 998 0 979 937 943 925 801 430
Yves 400 0 0 0 0 0 0 0 0 0 775
Yvette 399 0 0 0 0 545 255 235 299 606 0
Yvo 398 0 0 0 0 0 0 0 0 0 0
Yvonne 218 474 330 116 40 24 32 69 126 553 0
Zahra 397 0 0 0 904 978 0 0 0 0 753
Zakaria 396 0 0 0 0 0 0 0 736 503 441
Zara 395 0 0 0 0 0 0 0 0 883 360
Zehra 394 0 0 0 0 0 0 0 0 0 740
Zeynep 393 0 0 0 0 0 936 850 767 908 515
Zoë 392 0 0 0 0 0 0 0 495 98 40
Zwaantje 391 274 257 306 398 530 847 0 0 0 0
Ömer 390 0 0 0 0 0 0 928 787 816 642
